145
QCX34902__MH697439.1   0.000000 0.829016 0.576425 0.554404 0.826425 0.817358 0.851036 0.598446 0.639896 0.822539 0.560881 0.841969 0.794041 0.823834 0.804404 0.839378 0.563472 0.841969 0.569948 0.556995 0.579016 0.123057 0.797927 0.821244 0.661917 0.782383 0.836788 0.823834 0.838083 0.847150 0.834197 0.835492 0.437824 0.551813 0.854922 0.550518 0.865285 0.594560 0.459845 0.844560 0.453368 0.659326 0.809585 0.852332 0.797927 0.534974 0.832902 0.389896 0.819948 0.856218 0.832902 0.827720 0.810881 0.843264 0.450777 0.568653 0.839378 0.344560 0.856218 0.831606 0.817358 0.801813 0.616580 0.836788 0.581606 0.619171 0.839378 0.559585 0.830311 0.230570 0.818653 0.838519 0.823834 0.827720 0.788331 0.816076 0.537565 0.340674 0.126943 0.818653 0.783967 0.807487 0.813472 0.813922 0.814171 0.819519 0.796519 0.789894 0.797927 0.803738 0.830311 0.808743 0.805442 0.822733 0.827078 0.784974 0.830189 0.799202 0.800786 0.815612 0.788410 0.809585 0.805519 0.799469 0.643813 0.817819 0.827720 0.822819 0.781250 0.805699 0.821244 0.794157 0.801342 0.807744 0.789894 0.826999 0.835674 0.818653 0.795337 0.809585 0.785340 0.793734 0.788360 0.820078 0.830311 0.823770 0.829016 0.811321 0.827720 0.634715 0.856218 0.824324 0.685233 0.825130 0.810881 0.857513 0.817358 0.780392 0.593264 0.445596 0.843264 0.832902 0.550518 0.832664 0.795000
Q69025__undef          0.829016 0.000000 0.739481 0.728738 0.691700 0.663054 0.640316 0.748433 0.736355 0.667641 0.728738 0.556849 0.542525 0.506280 0.704365 0.723489 0.740376 0.633238 0.732319 0.736795 0.738585 0.744852 0.704871 0.717262 0.732601 0.685857 0.716123 0.721506 0.728916 0.661355 0.503906 0.713155 0.731423 0.735900 0.591045 0.713518 0.563241 0.739481 0.731423 0.717000 0.730528 0.734109 0.666052 0.728729 0.517308 0.726947 0.663117 0.739481 0.650953 0.642502 0.506836 0.502411 0.513018 0.719333 0.727842 0.735004 0.644289 0.742167 0.563672 0.666339 0.572963 0.701183 0.730528 0.717413 0.741271 0.760072 0.726462 0.731423 0.704966 0.743062 0.511333 0.475556 0.714286 0.585497 0.735414 0.673025 0.731423 0.739481 0.745748 0.645433 0.736413 0.729947 0.637266 0.538153 0.668449 0.675134 0.724230 0.662234 0.699629 0.659546 0.618877 0.687158 0.659864 0.740189 0.664879 0.737975 0.725067 0.656915 0.673657 0.656797 0.725067 0.697927 0.534823 0.719788 0.657191 0.656915 0.745806 0.730201 0.625000 0.695953 0.544041 0.664011 0.728859 0.656876 0.730053 0.508519 0.511236 0.546354 0.584192 0.626623 0.671466 0.733681 0.664021 0.687093 0.654182 0.743169 0.717435 0.653639 0.504789 0.726406 0.579624 0.747297 0.703671 0.716433 0.498058 0.565089 0.483811 0.682353 0.741271 0.733214 0.663337 0.716418 0.717099 0.633199 0.670000
YP_003331549__FJ478159 0.576425 0.739481 0.000000 0.439698 0.710474 0.707389 0.738142 0.483817 0.605920 0.722222 0.374274 0.756181 0.758326 0.734300 0.728175 0.708622 0.486307 0.733524 0.525311 0.521162 0.337815 0.482988 0.715377 0.716270 0.589744 0.734668 0.714144 0.714569 0.730924 0.711155 0.738281 0.718101 0.485477 0.472199 0.736318 0.481328 0.740119 0.368109 0.539496 0.694000 0.496266 0.546820 0.762915 0.721722 0.720192 0.361826 0.744434 0.507054 0.705115 0.738828 0.738281 0.729990 0.725169 0.701668 0.523651 0.475519 0.719439 0.526141 0.745311 0.715551 0.789212 0.712032 0.462457 0.712438 0.473029 0.487395 0.723489 0.373444 0.730282 0.478008 0.737987 0.644444 0.723810 0.781743 0.725916 0.716621 0.427973 0.483817 0.527801 0.745192 0.716033 0.721925 0.768467 0.720214 0.728610 0.709893 0.726908 0.702128 0.739184 0.706275 0.731183 0.722678 0.707483 0.730717 0.734584 0.751899 0.715633 0.720745 0.733945 0.726783 0.734501 0.695953 0.716163 0.733068 0.469900 0.730053 0.740645 0.704698 0.640625 0.697927 0.744819 0.733068 0.736913 0.731642 0.700798 0.728702 0.748596 0.749073 0.730813 0.755411 0.698953 0.729765 0.738095 0.744459 0.705368 0.715847 0.703407 0.729111 0.735632 0.572927 0.746785 0.737838 0.609036 0.712425 0.732039 0.740631 0.717854 0.705882 0.474689 0.528631 0.711289 0.713433 0.440664 0.672021 0.681667
Q4JQU7__undef          0.554404 0.728738 0.439698 0.000000 0.710474 0.730049 0.736166 0.496650 0.610546 0.735867 0.443049 0.779199 0.750640 0.741063 0.715278 0.732408 0.458961 0.759312 0.515913 0.512563 0.441176 0.524288 0.732569 0.732143 0.642857 0.709637 0.734916 0.731417 0.741968 0.734064 0.743164 0.736894 0.527638 0.505025 0.733333 0.500000 0.752964 0.463104 0.521849 0.750000 0.493300 0.587456 0.767528 0.760761 0.733654 0.428811 0.755082 0.512563 0.733200 0.730884 0.742188 0.741562 0.740598 0.737978 0.539363 0.469012 0.726453 0.499162 0.744324 0.713583 0.796482 0.732742 0.372867 0.745274 0.511725 0.548739 0.735382 0.429648 0.733204 0.473199 0.741614 0.660741 0.734286 0.825796 0.715061 0.741144 0.484087 0.525126 0.504188 0.768029 0.732337 0.727273 0.781698 0.732262 0.721925 0.752674 0.751004 0.726064 0.761434 0.750334 0.728793 0.718579 0.742857 0.755074 0.727882 0.750633 0.730458 0.744681 0.737877 0.726783 0.753369 0.732478 0.738502 0.751660 0.503344 0.740691 0.731613 0.738255 0.667411 0.726555 0.750000 0.751660 0.716779 0.755674 0.735372 0.745740 0.723315 0.761434 0.759450 0.765152 0.710733 0.720627 0.728836 0.722295 0.717853 0.736339 0.724449 0.737197 0.740421 0.590086 0.743818 0.737838 0.605560 0.742485 0.730097 0.733728 0.725254 0.708497 0.496650 0.493300 0.726274 0.745274 0.484925 0.693440 0.666667
YP_001129355__AF148805 0.826425 0.691700 0.710474 0.710474 0.000000 0.500000 0.660079 0.726285 0.717391 0.456522 0.709486 0.671937 0.672925 0.647233 0.431548 0.404361 0.711462 0.660079 0.710474 0.712451 0.706522 0.714427 0.448617 0.412698 0.718379 0.499374 0.472799 0.481665 0.433735 0.458167 0.651186 0.419387 0.713439 0.724308 0.663682 0.717391 0.667984 0.718379 0.718379 0.418000 0.730237 0.680830 0.668972 0.456456 0.649209 0.707510 0.669960 0.716403 0.462387 0.661370 0.648221 0.666996 0.647233 0.467391 0.714427 0.701581 0.448898 0.719368 0.666008 0.520751 0.690711 0.340909 0.707510 0.394030 0.730237 0.726285 0.410307 0.713439 0.458498 0.715415 0.717391 0.588148 0.423913 0.691700 0.396201 0.403270 0.690711 0.726285 0.718379 0.668269 0.396739 0.489305 0.740904 0.654618 0.500000 0.502674 0.500669 0.509309 0.553770 0.496662 0.661888 0.437158 0.432653 0.462788 0.453083 0.462025 0.385445 0.160904 0.471822 0.398385 0.415094 0.265810 0.662286 0.347942 0.628763 0.131649 0.499355 0.489933 0.401786 0.249012 0.700777 0.249668 0.457718 0.488652 0.485372 0.678899 0.654494 0.697157 0.698740 0.716450 0.424084 0.433420 0.500000 0.477184 0.454432 0.493169 0.429860 0.466307 0.666008 0.684783 0.661721 0.455405 0.709486 0.393788 0.706522 0.637352 0.709486 0.424837 0.723320 0.717391 0.453546 0.394030 0.717391 0.408300 0.213333
Q3KSP1__undef          0.817358 0.663054 0.707389 0.730049 0.500000 0.000000 0.665020 0.731034 0.713300 0.523153 0.718227 0.663054 0.661084 0.650246 0.474206 0.505451 0.716256 0.666010 0.714286 0.715271 0.709360 0.720197 0.478818 0.500000 0.719212 0.554443 0.527201 0.508424 0.555221 0.505976 0.659113 0.472799 0.719212 0.725123 0.679602 0.719212 0.673913 0.726108 0.702463 0.508000 0.724138 0.697537 0.675862 0.551552 0.648276 0.696552 0.673892 0.726108 0.502508 0.687190 0.647291 0.653202 0.696552 0.536946 0.722167 0.735961 0.512024 0.720197 0.672261 0.265025 0.677833 0.500000 0.729064 0.510448 0.732020 0.714286 0.506442 0.703448 0.534975 0.720197 0.701478 0.579259 0.466995 0.687685 0.523745 0.490463 0.707389 0.722167 0.728079 0.671875 0.516304 0.540107 0.721058 0.663989 0.229947 0.243316 0.253012 0.143617 0.195303 0.153538 0.665472 0.523224 0.476190 0.525034 0.542895 0.535443 0.516173 0.497340 0.567497 0.502019 0.524259 0.501481 0.672799 0.528552 0.658863 0.493351 0.570323 0.510067 0.428571 0.500494 0.664508 0.531208 0.526174 0.562083 0.530585 0.651376 0.683989 0.688504 0.753723 0.713203 0.541885 0.510444 0.547619 0.573664 0.518102 0.590164 0.544088 0.539084 0.641379 0.686700 0.662710 0.543243 0.691626 0.498998 0.715271 0.643984 0.648276 0.521569 0.716256 0.722167 0.516484 0.513433 0.730049 0.459170 0.450000
Q9QJ32__undef          0.851036 0.640316 0.738142 0.736166 0.660079 0.665020 0.000000 0.754941 0.794466 0.668972 0.725296 0.583004 0.602767 0.573123 0.664683 0.665015 0.733202 0.634387 0.722332 0.744071 0.743083 0.749012 0.672925 0.660714 0.724308 0.679599 0.661721 0.663033 0.689759 0.658367 0.542490 0.680514 0.737154 0.738142 0.506468 0.723320 0.349802 0.748024 0.735178 0.663000 0.739130 0.715415 0.642292 0.694695 0.579051 0.715415 0.641304 0.732213 0.660983 0.516385 0.551383 0.552372 0.651186 0.654150 0.743083 0.740119 0.681363 0.742095 0.339921 0.673913 0.596838 0.662055 0.735178 0.658706 0.735178 0.746047 0.666006 0.725296 0.654150 0.741107 0.656126 0.533333 0.668972 0.627470 0.658073 0.660763 0.737154 0.751976 0.735178 0.652644 0.665761 0.667112 0.699008 0.580991 0.683155 0.669786 0.674699 0.666223 0.700865 0.671562 0.659498 0.659836 0.665306 0.676590 0.667560 0.693671 0.663073 0.670213 0.671035 0.671602 0.673854 0.665020 0.628121 0.681275 0.663880 0.662234 0.680000 0.672483 0.613839 0.659091 0.594560 0.670651 0.652349 0.655541 0.663564 0.579292 0.581461 0.686032 0.683849 0.692641 0.676702 0.681462 0.656085 0.666232 0.674157 0.698087 0.669339 0.684636 0.545455 0.718379 0.334322 0.678378 0.723320 0.652305 0.576087 0.424901 0.628458 0.670588 0.744071 0.746047 0.659341 0.669652 0.725296 0.631861 0.633333
Q9E6N9__undef          0.598446 0.748433 0.483817 0.496650 0.726285 0.731034 0.754941 0.000000 0.602220 0.734893 0.522131 0.763001 0.760888 0.747826 0.731151 0.729435 0.527869 0.753582 0.547541 0.569672 0.468067 0.543443 0.728749 0.735119 0.624542 0.752190 0.735905 0.728444 0.748996 0.735060 0.737305 0.738872 0.548361 0.396721 0.747264 0.438424 0.756917 0.478372 0.547059 0.732000 0.510656 0.613074 0.735240 0.747748 0.733654 0.513934 0.751210 0.506557 0.725176 0.737835 0.729492 0.741562 0.735776 0.740922 0.545082 0.426202 0.723447 0.515574 0.753208 0.718504 0.798361 0.728797 0.520478 0.736318 0.285477 0.248739 0.730426 0.478689 0.744888 0.509016 0.737987 0.674074 0.727619 0.784426 0.748982 0.743869 0.524288 0.545082 0.543443 0.721154 0.737772 0.743316 0.772878 0.740295 0.732620 0.727273 0.724230 0.727394 0.750309 0.731642 0.741935 0.739071 0.740136 0.746955 0.750670 0.745570 0.750674 0.732713 0.748362 0.744280 0.738544 0.731491 0.720105 0.742364 0.489967 0.739362 0.760000 0.731544 0.654018 0.728529 0.725389 0.747676 0.747651 0.714286 0.700798 0.733945 0.741573 0.742892 0.770905 0.772727 0.710733 0.742820 0.719577 0.732725 0.714107 0.756831 0.739479 0.741240 0.737548 0.603432 0.740851 0.744595 0.609904 0.734469 0.740777 0.756410 0.722479 0.721569 0.242775 0.540875 0.722278 0.730348 0.491386 0.708166 0.708333
Q6UDK1__undef          0.639896 0.736355 0.605920 0.610546 0.717391 0.713300 0.794466 0.602220 0.000000 0.731969 0.595745 0.728955 0.716004 0.718841 0.705357 0.711596 0.636448 0.739255 0.639223 0.639223 0.630897 0.542091 0.698185 0.722222 0.404255 0.753442 0.704253 0.694747 0.714859 0.721116 0.704102 0.726014 0.541166 0.574468 0.742289 0.585569 0.731225 0.623497 0.660500 0.720000 0.565217 0.568918 0.744681 0.715716 0.721154 0.579093 0.728945 0.568918 0.720160 0.746773 0.700195 0.703954 0.727097 0.740922 0.542091 0.658649 0.734469 0.560592 0.734452 0.717520 0.779833 0.714990 0.617021 0.714428 0.591119 0.580019 0.710605 0.595745 0.729309 0.550416 0.724329 0.638519 0.710476 0.786309 0.728630 0.739782 0.594820 0.558742 0.580019 0.750000 0.711957 0.745989 0.772878 0.725569 0.731283 0.719251 0.709505 0.716755 0.741656 0.722296 0.715651 0.737705 0.731973 0.737483 0.717158 0.707595 0.730458 0.715426 0.728702 0.733513 0.727763 0.722606 0.727989 0.726428 0.513378 0.724734 0.749677 0.740940 0.622768 0.720632 0.711140 0.727756 0.736913 0.744993 0.735372 0.722149 0.700843 0.737948 0.733104 0.752165 0.710733 0.720627 0.743386 0.741851 0.727840 0.725410 0.717435 0.707547 0.702107 0.632031 0.730959 0.728378 0.601295 0.716433 0.706796 0.714990 0.729880 0.720261 0.601295 0.556892 0.725275 0.708458 0.545791 0.694779 0.660000
O36363__undef          0.822539 0.667641 0.722222 0.735867 0.456522 0.523153 0.668972 0.734893 0.731969 0.000000 0.717349 0.682261 0.736842 0.649123 0.473214 0.461843 0.729045 0.670565 0.730994 0.728070 0.706628 0.736842 0.507797 0.458333 0.725146 0.529412 0.499505 0.494549 0.509036 0.400398 0.649414 0.473788 0.736842 0.738791 0.659701 0.723197 0.671937 0.716374 0.730994 0.456000 0.739766 0.681287 0.667641 0.494494 0.653996 0.724172 0.669591 0.737817 0.341023 0.660377 0.653320 0.653996 0.651072 0.522080 0.736842 0.735867 0.250501 0.738791 0.668312 0.550197 0.743665 0.479290 0.728070 0.457711 0.735867 0.734893 0.463826 0.718324 0.510721 0.738791 0.657895 0.616296 0.481481 0.732943 0.473541 0.478202 0.730994 0.740741 0.735867 0.662260 0.480978 0.377005 0.739802 0.645248 0.553476 0.536096 0.546185 0.538564 0.583436 0.543391 0.660693 0.456284 0.414966 0.518268 0.513405 0.513924 0.471698 0.482713 0.528178 0.476447 0.456873 0.477789 0.729304 0.501992 0.665552 0.470745 0.532903 0.530201 0.446429 0.484699 0.678756 0.486056 0.515436 0.530040 0.515957 0.709043 0.668539 0.707046 0.723940 0.784632 0.489529 0.507833 0.539683 0.528031 0.263421 0.516393 0.489980 0.257412 0.689084 0.704678 0.673591 0.512162 0.724172 0.460922 0.663743 0.657791 0.707602 0.505882 0.737817 0.740741 0.390609 0.458706 0.728070 0.441767 0.450000
Q6S6P1__undef          0.560881 0.728738 0.374274 0.443049 0.709486 0.718227 0.725296 0.522131 0.595745 0.717349 0.000000 0.748508 0.742955 0.732367 0.719246 0.718533 0.418033 0.749761 0.462295 0.414754 0.361345 0.464754 0.690544 0.722222 0.621795 0.735920 0.713155 0.711596 0.730924 0.718127 0.735352 0.721068 0.458197 0.534426 0.739303 0.421182 0.741107 0.426633 0.479832 0.725000 0.536066 0.552120 0.743542 0.741742 0.719231 0.227049 0.739593 0.472131 0.706118 0.731877 0.735352 0.736741 0.726133 0.706575 0.458197 0.452736 0.715431 0.457377 0.736426 0.717520 0.775410 0.714004 0.476962 0.721393 0.526971 0.480672 0.718533 0.124590 0.721519 0.471311 0.720762 0.654815 0.712381 0.772951 0.705563 0.726158 0.443049 0.451639 0.467213 0.735577 0.735054 0.731283 0.786108 0.729585 0.716578 0.719251 0.705489 0.711436 0.733004 0.706275 0.732378 0.719945 0.707483 0.718539 0.738606 0.756962 0.723720 0.696809 0.727392 0.741588 0.707547 0.726555 0.730618 0.737052 0.454849 0.723404 0.749677 0.728859 0.638393 0.719645 0.722798 0.705179 0.746309 0.732977 0.728723 0.736566 0.737360 0.745365 0.761741 0.739177 0.695026 0.702350 0.747354 0.748370 0.719101 0.751366 0.729459 0.733154 0.733716 0.530982 0.741840 0.724324 0.622937 0.726453 0.723301 0.732742 0.714154 0.711111 0.473163 0.463254 0.708292 0.721393 0.425759 0.700134 0.686667
Q85428__undef          0.841969 0.556849 0.756181 0.779199 0.671937 0.663054 0.583004 0.763001 0.728955 0.682261 0.748508 0.000000 0.577284 0.510145 0.692460 0.679881 0.737425 0.710602 0.734868 0.736573 0.753623 0.755328 0.718243 0.715278 0.728938 0.764706 0.669634 0.676908 0.722892 0.700199 0.499023 0.685460 0.737425 0.752771 0.675622 0.744246 0.603755 0.750213 0.777494 0.685000 0.766411 0.746466 0.730627 0.714715 0.527885 0.739983 0.694095 0.751066 0.713139 0.598808 0.509766 0.514947 0.517840 0.721295 0.746803 0.759591 0.676353 0.738278 0.683119 0.714567 0.617221 0.681460 0.761092 0.668657 0.800512 0.770673 0.682854 0.748508 0.715677 0.783461 0.543064 0.475556 0.678095 0.670929 0.747626 0.660763 0.731458 0.751066 0.737425 0.683894 0.726902 0.685829 0.648291 0.514056 0.673797 0.685829 0.672021 0.687500 0.718171 0.679573 0.659498 0.703552 0.676190 0.707713 0.678284 0.706329 0.684636 0.667553 0.750983 0.737550 0.704852 0.664363 0.570302 0.695883 0.668896 0.671543 0.708387 0.714094 0.629464 0.709773 0.419689 0.682603 0.739597 0.686248 0.736702 0.373526 0.557584 0.443758 0.560137 0.597403 0.692408 0.687990 0.685185 0.702738 0.665418 0.695355 0.733467 0.683288 0.370690 0.712107 0.674580 0.700000 0.787142 0.677355 0.551456 0.569034 0.528215 0.690196 0.749361 0.735720 0.677323 0.710448 0.751066 0.690763 0.640000
Q9YUS3__undef          0.794041 0.542525 0.758326 0.750640 0.672925 0.661084 0.602767 0.760888 0.716004 0.736842 0.742955 0.577284 0.000000 0.495652 0.676587 0.742319 0.717336 0.676218 0.724167 0.729291 0.764304 0.756618 0.659026 0.739087 0.704212 0.744681 0.741840 0.689792 0.724900 0.679283 0.524414 0.676558 0.717336 0.742101 0.627861 0.736977 0.627470 0.767720 0.744663 0.696000 0.759180 0.755300 0.687269 0.753754 0.478846 0.736977 0.671830 0.756618 0.676028 0.676266 0.532227 0.516876 0.507232 0.700687 0.716482 0.754910 0.675351 0.746371 0.626851 0.742126 0.578992 0.665680 0.757472 0.683582 0.760034 0.749787 0.741328 0.745517 0.740019 0.754910 0.606528 0.482963 0.686667 0.593510 0.708277 0.686649 0.725875 0.747225 0.750640 0.674279 0.725543 0.657754 0.611907 0.568942 0.713904 0.691176 0.708166 0.704787 0.730532 0.682243 0.664277 0.722678 0.687075 0.711773 0.690349 0.677215 0.694070 0.652926 0.697248 0.736205 0.698113 0.731491 0.482260 0.729084 0.658863 0.651596 0.690323 0.758389 0.611607 0.725568 0.514249 0.690571 0.699329 0.703605 0.674202 0.546527 0.581461 0.577256 0.593356 0.627706 0.675393 0.698433 0.693122 0.702738 0.672909 0.745902 0.748497 0.687332 0.516284 0.701621 0.622156 0.712162 0.719374 0.747495 0.518447 0.586785 0.483811 0.679739 0.757472 0.745517 0.686314 0.680597 0.739539 0.708166 0.671667
O71121__undef          0.823834 0.506280 0.734300 0.741063 0.647233 0.650246 0.573123 0.747826 0.718841 0.649123 0.732367 0.510145 0.495652 0.000000 0.671627 0.656095 0.724638 0.628986 0.722705 0.731401 0.733333 0.729469 0.661836 0.710317 0.712077 0.695870 0.690406 0.665015 0.716867 0.657371 0.355469 0.663699 0.733333 0.735266 0.578109 0.725604 0.583992 0.733333 0.727536 0.657000 0.746860 0.737198 0.628986 0.693694 0.189372 0.711111 0.635044 0.720773 0.652959 0.585899 0.359375 0.350725 0.165217 0.650638 0.731401 0.727536 0.638277 0.734300 0.584403 0.667323 0.390338 0.675542 0.738164 0.717413 0.751691 0.765217 0.712587 0.726570 0.656280 0.735266 0.480193 0.336296 0.674396 0.435749 0.683853 0.664850 0.717874 0.734300 0.732367 0.652644 0.672554 0.661765 0.495039 0.279786 0.653743 0.671123 0.661312 0.658245 0.710754 0.651535 0.640382 0.669399 0.654422 0.690122 0.674263 0.694937 0.676550 0.647606 0.688073 0.668910 0.676550 0.645607 0.182654 0.665339 0.683946 0.672872 0.681290 0.663087 0.631696 0.639684 0.520725 0.656042 0.728859 0.676903 0.719415 0.491481 0.546348 0.557478 0.591065 0.638528 0.687173 0.660574 0.667989 0.679270 0.632959 0.710383 0.720441 0.637466 0.475362 0.726570 0.581602 0.681081 0.710145 0.713427 0.620388 0.561144 0.481159 0.688889 0.744928 0.728502 0.659341 0.714428 0.737198 0.681392 0.618333
P52367__undef          0.804404 0.704365 0.728175 0.715278 0.431548 0.474206 0.664683 0.731151 0.705357 0.473214 0.719246 0.692460 0.676587 0.671627 0.000000 0.433532 0.725198 0.666667 0.722222 0.722222 0.727183 0.714286 0.438492 0.287698 0.712302 0.499374 0.477183 0.482143 0.422691 0.458167 0.657738 0.431548 0.722222 0.734127 0.686567 0.726190 0.682540 0.714286 0.710317 0.326000 0.740079 0.689484 0.666667 0.419419 0.666667 0.719246 0.677579 0.716270 0.442327 0.673287 0.666667 0.659722 0.662698 0.478175 0.712302 0.717262 0.466934 0.709325 0.673611 0.530754 0.680556 0.427579 0.725198 0.408955 0.736111 0.716270 0.440476 0.720238 0.476190 0.718254 0.712302 0.620741 0.169643 0.688492 0.432836 0.420981 0.715278 0.720238 0.716270 0.676683 0.380435 0.485294 0.755237 0.676037 0.502674 0.510695 0.502008 0.492021 0.535229 0.479306 0.673835 0.453552 0.468027 0.484438 0.489276 0.232911 0.405660 0.422872 0.484928 0.432032 0.222372 0.436508 0.684625 0.460823 0.648829 0.425532 0.517419 0.495302 0.401786 0.426587 0.693005 0.440903 0.469799 0.496662 0.465426 0.697248 0.672753 0.724351 0.710195 0.731602 0.429319 0.430809 0.519841 0.499348 0.468165 0.468579 0.382766 0.478437 0.670635 0.691468 0.670635 0.483784 0.696429 0.414830 0.713294 0.660714 0.653770 0.435294 0.727183 0.719246 0.453546 0.397015 0.717262 0.428380 0.390000
P24907__undef          0.839378 0.723489 0.708622 0.732408 0.404361 0.505451 0.665015 0.729435 0.711596 0.461843 0.718533 0.679881 0.742319 0.656095 0.433532 0.000000 0.731417 0.660059 0.732408 0.730426 0.713578 0.721506 0.463826 0.396825 0.717542 0.461827 0.478692 0.464817 0.443775 0.442231 0.661051 0.410307 0.733399 0.728444 0.659701 0.718533 0.661051 0.697721 0.727453 0.389000 0.722498 0.671952 0.673935 0.454454 0.662042 0.724480 0.664024 0.713578 0.458375 0.656405 0.663033 0.659068 0.656095 0.463826 0.710605 0.714569 0.452906 0.728444 0.670961 0.530228 0.755203 0.405352 0.716551 0.398010 0.720515 0.730426 0.124876 0.718533 0.457879 0.730426 0.724480 0.628148 0.460852 0.688801 0.405699 0.410082 0.719524 0.717542 0.732408 0.664663 0.406250 0.487968 0.746417 0.662651 0.522727 0.522727 0.512718 0.518617 0.557478 0.507343 0.670251 0.382514 0.463946 0.435724 0.461126 0.496203 0.419137 0.409574 0.477064 0.410498 0.411051 0.417245 0.667543 0.398406 0.640468 0.418883 0.496774 0.495302 0.408482 0.418236 0.680052 0.430279 0.472483 0.499332 0.486702 0.689384 0.658708 0.709518 0.783505 0.798701 0.425393 0.449086 0.510582 0.468057 0.475655 0.457650 0.434870 0.487871 0.670961 0.704658 0.676908 0.424324 0.698712 0.375752 0.678890 0.650149 0.671952 0.437908 0.730426 0.725471 0.440559 0.392040 0.722498 0.420348 0.376667
AIQ80750__KM258882.1   0.563472 0.740376 0.486307 0.458961 0.711462 0.716256 0.733202 0.527869 0.636448 0.729045 0.418033 0.737425 0.717336 0.724638 0.725198 0.731417 0.000000 0.748806 0.184443 0.133921 0.492437 0.537781 0.703916 0.738095 0.643773 0.738423 0.723046 0.720515 0.730924 0.728088 0.719727 0.715134 0.520449 0.535686 0.748259 0.465517 0.756917 0.542833 0.505042 0.741000 0.541667 0.621908 0.741697 0.749750 0.726923 0.380016 0.743466 0.518219 0.718154 0.748759 0.725586 0.713597 0.725169 0.729146 0.479452 0.480929 0.723447 0.492659 0.753208 0.718504 0.777065 0.697239 0.543515 0.735323 0.569295 0.565546 0.731417 0.427049 0.727361 0.535223 0.739801 0.632593 0.724762 0.746581 0.731343 0.723433 0.391960 0.459503 0.540497 0.747596 0.722826 0.735294 0.743109 0.720214 0.739305 0.741979 0.730924 0.731383 0.730532 0.734312 0.739546 0.739071 0.727891 0.744249 0.741287 0.745570 0.747978 0.698138 0.743119 0.746972 0.746631 0.720632 0.717477 0.746348 0.448161 0.715426 0.753548 0.731544 0.636161 0.712734 0.731865 0.723772 0.740940 0.731642 0.728723 0.737877 0.727528 0.731768 0.715922 0.717532 0.710733 0.725849 0.743386 0.752282 0.711610 0.751366 0.740481 0.735849 0.747126 0.546235 0.755687 0.759459 0.669852 0.733467 0.726214 0.737673 0.709528 0.703268 0.521057 0.496284 0.726274 0.730348 0.469237 0.689424 0.678333
AGG16071__KC618527.1   0.841969 0.633238 0.733524 0.759312 0.660079 0.666010 0.634387 0.753582 0.739255 0.670565 0.749761 0.710602 0.676218 0.628986 0.666667 0.660059 0.748806 0.000000 0.749761 0.747851 0.730659 0.748806 0.682904 0.674603 0.740210 0.667084 0.671612 0.676908 0.680723 0.656375 0.657227 0.682493 0.752627 0.744986 0.625871 0.745941 0.649209 0.730659 0.729704 0.675000 0.747851 0.715377 0.369628 0.692693 0.630769 0.725883 0.184898 0.736390 0.656971 0.636544 0.625977 0.619094 0.636451 0.670265 0.754537 0.738300 0.663327 0.753582 0.641658 0.666339 0.693410 0.663708 0.753582 0.670647 0.756447 0.764088 0.658077 0.755492 0.660175 0.735435 0.640879 0.579259 0.680993 0.712512 0.658073 0.664850 0.749761 0.749761 0.730659 0.128606 0.671196 0.655080 0.694598 0.631861 0.657754 0.655080 0.655957 0.652926 0.678616 0.648865 0.197133 0.654372 0.654422 0.663058 0.655496 0.675949 0.671159 0.664894 0.668414 0.660834 0.649596 0.662389 0.639947 0.654714 0.653846 0.662234 0.663226 0.665772 0.611607 0.657453 0.628238 0.661355 0.660403 0.650200 0.647606 0.631717 0.640449 0.678616 0.730813 0.707792 0.719895 0.661880 0.648148 0.655802 0.655431 0.672131 0.673347 0.663073 0.627395 0.738300 0.634026 0.660811 0.726839 0.656313 0.638835 0.620316 0.677173 0.665359 0.769819 0.762178 0.666334 0.667662 0.749761 0.649264 0.615000
AVT50749__MH036943.1   0.569948 0.732319 0.525311 0.515913 0.710474 0.714286 0.722332 0.547541 0.639223 0.730994 0.462295 0.734868 0.724167 0.722705 0.722222 0.732408 0.184443 0.749761 0.000000 0.154574 0.534454 0.507235 0.705826 0.734127 0.646520 0.732165 0.710188 0.721506 0.740964 0.731076 0.714844 0.723046 0.490837 0.544800 0.742289 0.494253 0.749012 0.523325 0.541176 0.740000 0.544118 0.596290 0.737085 0.752753 0.708654 0.417690 0.742498 0.520648 0.716148 0.743793 0.722656 0.718419 0.722276 0.735034 0.509267 0.517413 0.708417 0.525285 0.748272 0.716535 0.778816 0.692308 0.571672 0.730348 0.549378 0.603361 0.731417 0.466393 0.726388 0.538462 0.740707 0.629630 0.714286 0.744167 0.734057 0.711172 0.427136 0.505204 0.548287 0.743990 0.709239 0.733957 0.747519 0.722892 0.727273 0.733957 0.714859 0.724734 0.746601 0.708945 0.732378 0.744536 0.719728 0.752368 0.737265 0.743038 0.746631 0.718085 0.736566 0.746972 0.746631 0.716683 0.713535 0.737052 0.463211 0.714096 0.752258 0.727517 0.638393 0.699901 0.731865 0.727756 0.738255 0.742323 0.732713 0.737877 0.741573 0.739184 0.699885 0.711039 0.698953 0.731070 0.747354 0.756193 0.715356 0.760929 0.734469 0.735849 0.750958 0.547188 0.746785 0.760811 0.642919 0.734469 0.721359 0.719921 0.711378 0.690196 0.531792 0.501239 0.726274 0.730348 0.463495 0.688086 0.673333
AVT50614__MH036941.1   0.556995 0.736795 0.521162 0.512563 0.712451 0.715271 0.744071 0.569672 0.639223 0.728070 0.414754 0.736573 0.729291 0.731401 0.722222 0.730426 0.133921 0.747851 0.154574 0.000000 0.530252 0.540193 0.705826 0.739087 0.645604 0.735920 0.722057 0.719524 0.738956 0.729084 0.716797 0.720079 0.523506 0.504800 0.752239 0.463875 0.762846 0.552163 0.515126 0.741000 0.549837 0.622792 0.740775 0.751752 0.726923 0.372645 0.747338 0.523077 0.717151 0.752731 0.726562 0.723240 0.727097 0.731109 0.506044 0.480929 0.720441 0.480424 0.756170 0.721457 0.775237 0.712032 0.536689 0.734328 0.574274 0.632773 0.734390 0.421311 0.728335 0.502834 0.728921 0.635556 0.725714 0.744167 0.731343 0.716621 0.438023 0.460368 0.548896 0.723558 0.722826 0.732620 0.766262 0.718876 0.721925 0.732620 0.732262 0.728723 0.747837 0.727637 0.714456 0.741803 0.725170 0.755074 0.739946 0.745570 0.752022 0.719415 0.737877 0.748318 0.745283 0.710760 0.716163 0.745020 0.461538 0.723404 0.749677 0.731544 0.631696 0.708786 0.733161 0.729084 0.720805 0.740988 0.735372 0.737877 0.745787 0.728059 0.718213 0.708874 0.710733 0.723238 0.750000 0.754889 0.715356 0.751366 0.739479 0.737197 0.747126 0.505243 0.756677 0.764865 0.615986 0.735471 0.726214 0.736686 0.716004 0.694118 0.562345 0.528489 0.726274 0.733333 0.461854 0.682731 0.676667
QBN85151__MH509440.2   0.579016 0.738585 0.337815 0.441176 0.706522 0.709360 0.743083 0.468067 0.630897 0.706628 0.361345 0.753623 0.764304 0.733333 0.727183 0.713578 0.492437 0.730659 0.534454 0.530252 0.000000 0.508403 0.723018 0.699405 0.655678 0.740926 0.709199 0.692765 0.728916 0.710159 0.738281 0.718101 0.532773 0.468908 0.737313 0.467227 0.740119 0.214589 0.513445 0.703000 0.483193 0.556537 0.762915 0.737738 0.718269 0.362185 0.735721 0.471429 0.704112 0.743793 0.735352 0.739634 0.729990 0.718351 0.531092 0.495798 0.713427 0.481513 0.744324 0.708661 0.793277 0.720907 0.452218 0.712438 0.470588 0.531092 0.717542 0.357983 0.722493 0.473109 0.725295 0.662222 0.725714 0.758824 0.702849 0.724796 0.433613 0.527731 0.522689 0.739183 0.724185 0.721925 0.789416 0.730924 0.744652 0.737968 0.740295 0.724734 0.741656 0.727637 0.735962 0.719945 0.712925 0.732070 0.717158 0.749367 0.715633 0.726064 0.718218 0.713324 0.722372 0.704837 0.703022 0.738380 0.476589 0.720745 0.713548 0.722148 0.638393 0.698914 0.721503 0.733068 0.734228 0.734312 0.706117 0.740498 0.724719 0.746601 0.730813 0.757576 0.693717 0.708877 0.739418 0.747066 0.709114 0.741803 0.720441 0.726415 0.730843 0.582459 0.735905 0.740541 0.609904 0.714429 0.733981 0.743590 0.725254 0.699346 0.482353 0.498319 0.707293 0.712438 0.435294 0.690763 0.690000
QBH84270__undef        0.123057 0.744852 0.482988 0.524288 0.714427 0.720197 0.749012 0.543443 0.542091 0.736842 0.464754 0.755328 0.756618 0.729469 0.714286 0.721506 0.537781 0.748806 0.507235 0.540193 0.508403 0.000000 0.722063 0.730159 0.571429 0.725907 0.707221 0.713578 0.740964 0.726096 0.729492 0.714144 0.327170 0.484727 0.749254 0.445813 0.753953 0.520780 0.347899 0.739000 0.348856 0.568021 0.746310 0.747748 0.725962 0.436527 0.751210 0.274494 0.720160 0.745780 0.723633 0.724204 0.729026 0.732090 0.341660 0.544776 0.731463 0.226754 0.741362 0.729331 0.774116 0.714004 0.544369 0.728358 0.545228 0.575630 0.729435 0.465574 0.734177 0.106883 0.748867 0.634074 0.725714 0.777152 0.732700 0.723433 0.493300 0.229904 0.024116 0.758413 0.729620 0.740642 0.751929 0.729585 0.740642 0.751337 0.744311 0.734043 0.751545 0.736983 0.752688 0.744536 0.722449 0.745602 0.734584 0.721519 0.739892 0.726064 0.745740 0.748318 0.727763 0.700888 0.726675 0.735724 0.479933 0.724734 0.748387 0.724832 0.620536 0.692991 0.734456 0.734396 0.735570 0.739653 0.732713 0.752294 0.742978 0.751545 0.749141 0.757576 0.696335 0.727154 0.743386 0.736636 0.719101 0.747268 0.735471 0.737197 0.739464 0.584366 0.744807 0.747297 0.672459 0.732465 0.730097 0.737673 0.724329 0.692810 0.535921 0.327002 0.707293 0.730348 0.459393 0.690763 0.675000
YP_009552476__MF385016 0.797927 0.704871 0.715377 0.732569 0.448617 0.478818 0.672925 0.728749 0.698185 0.507797 0.690544 0.718243 0.659026 0.661836 0.438492 0.463826 0.703916 0.682904 0.705826 0.705826 0.723018 0.722063 0.000000 0.469246 0.712512 0.479349 0.519288 0.503469 0.503012 0.490040 0.647461 0.436202 0.704871 0.727794 0.679602 0.721108 0.687747 0.734479 0.696275 0.468000 0.739255 0.704871 0.671442 0.526527 0.664423 0.702006 0.679574 0.727794 0.498495 0.668322 0.651367 0.653809 0.659595 0.510304 0.713467 0.724928 0.489980 0.693410 0.680158 0.495079 0.667622 0.431953 0.734479 0.454726 0.723973 0.728749 0.476710 0.701051 0.517040 0.722063 0.673352 0.589630 0.462273 0.692455 0.436906 0.410082 0.705826 0.701051 0.724928 0.671875 0.436141 0.516043 0.734289 0.662651 0.494652 0.509358 0.489960 0.494681 0.531520 0.485981 0.670251 0.487705 0.482993 0.527740 0.502681 0.479747 0.455526 0.453457 0.499345 0.465680 0.463612 0.462981 0.651774 0.474104 0.633779 0.457447 0.538065 0.503356 0.426339 0.451135 0.694301 0.468792 0.492617 0.547397 0.490691 0.682831 0.660112 0.697157 0.693013 0.705628 0.397906 0.389034 0.550265 0.551499 0.485643 0.506831 0.496994 0.512129 0.681992 0.683859 0.680514 0.532432 0.696275 0.446894 0.702913 0.660750 0.647564 0.372549 0.713467 0.708691 0.479520 0.439801 0.721108 0.432396 0.415000
YP_009551819__LC333428 0.821244 0.717262 0.716270 0.732143 0.412698 0.500000 0.660714 0.735119 0.722222 0.458333 0.722222 0.715278 0.739087 0.710317 0.287698 0.396825 0.738095 0.674603 0.734127 0.739087 0.699405 0.730159 0.469246 0.000000 0.718254 0.475594 0.458333 0.478175 0.389558 0.455179 0.656746 0.424603 0.737103 0.737103 0.680597 0.724206 0.659722 0.699405 0.727183 0.264000 0.734127 0.691468 0.675595 0.395395 0.658730 0.732143 0.678571 0.719246 0.447342 0.671301 0.652778 0.657738 0.656746 0.463294 0.708333 0.726190 0.446894 0.728175 0.664683 0.520833 0.700397 0.410714 0.728175 0.385075 0.731151 0.734127 0.403770 0.723214 0.455357 0.724206 0.720238 0.622222 0.325397 0.696429 0.411126 0.410082 0.728175 0.733135 0.721230 0.673077 0.377717 0.473262 0.759647 0.668005 0.504011 0.509358 0.506024 0.530585 0.569839 0.507343 0.679809 0.408470 0.451701 0.468200 0.466488 0.340506 0.398922 0.410904 0.469201 0.390310 0.311321 0.422619 0.672799 0.422311 0.670569 0.409574 0.476129 0.472483 0.417411 0.420635 0.717617 0.418327 0.455034 0.493992 0.470745 0.716907 0.676966 0.725587 0.770905 0.784632 0.428010 0.451697 0.506614 0.475880 0.459426 0.400273 0.377756 0.455526 0.705357 0.703373 0.660714 0.460811 0.713294 0.391784 0.694444 0.653770 0.713294 0.427451 0.731151 0.732143 0.450549 0.387065 0.733135 0.423025 0.365000
QAA96211__MH937566.1   0.661917 0.732601 0.589744 0.642857 0.718379 0.719212 0.724308 0.624542 0.404255 0.725146 0.621795 0.728938 0.704212 0.712077 0.712302 0.717542 0.643773 0.740210 0.646520 0.645604 0.655678 0.571429 0.712512 0.718254 0.000000 0.753442 0.707221 0.705649 0.719880 0.720120 0.711914 0.726014 0.563187 0.597985 0.726368 0.574176 0.740119 0.647436 0.567766 0.709000 0.578755 0.575092 0.745387 0.722723 0.715385 0.645604 0.742498 0.574176 0.718154 0.737835 0.711914 0.718419 0.712633 0.723258 0.565018 0.610806 0.719439 0.650183 0.737414 0.718504 0.764652 0.717949 0.606227 0.713433 0.632784 0.578755 0.711596 0.651099 0.717624 0.575092 0.719780 0.640000 0.722857 0.760073 0.731343 0.702997 0.556777 0.567766 0.601648 0.752404 0.711957 0.740642 0.782800 0.724230 0.728610 0.729947 0.720214 0.726064 0.752781 0.734312 0.718041 0.734973 0.726531 0.745602 0.734584 0.727848 0.730458 0.728723 0.723460 0.725437 0.727763 0.720632 0.714849 0.727756 0.503344 0.726064 0.750968 0.732886 0.627232 0.721619 0.703368 0.722444 0.744966 0.724967 0.734043 0.712975 0.714888 0.737948 0.768614 0.741342 0.729058 0.715405 0.739418 0.726206 0.709114 0.722678 0.711423 0.718329 0.701149 0.578646 0.733927 0.737838 0.606227 0.721443 0.725243 0.720907 0.703053 0.730719 0.601648 0.576007 0.719281 0.710448 0.584249 0.681392 0.675000
AZP55493__MK089801.1   0.782383 0.685857 0.734668 0.709637 0.499374 0.554443 0.679599 0.752190 0.753442 0.529412 0.735920 0.764706 0.744681 0.695870 0.499374 0.461827 0.738423 0.667084 0.732165 0.735920 0.740926 0.725907 0.479349 0.475594 0.753442 0.000000 0.534418 0.519399 0.535670 0.504380 0.683354 0.514393 0.753442 0.744681 0.675845 0.740926 0.682103 0.747184 0.744681 0.478098 0.738423 0.718398 0.670839 0.549437 0.685857 0.742178 0.670839 0.749687 0.516896 0.694618 0.679599 0.685857 0.687109 0.516896 0.748436 0.745932 0.536921 0.727159 0.674593 0.565707 0.700876 0.496871 0.744681 0.469337 0.754693 0.750939 0.496871 0.738423 0.528160 0.748436 0.684606 0.728889 0.501877 0.748436 0.434193 0.435967 0.743429 0.749687 0.723404 0.667084 0.434783 0.485294 0.717146 0.663989 0.524064 0.517380 0.516734 0.515957 0.549437 0.522029 0.672090 0.415301 0.473469 0.474966 0.477212 0.463291 0.431267 0.462766 0.484928 0.417227 0.429919 0.506884 0.671485 0.451527 0.657191 0.454787 0.481290 0.502013 0.379464 0.509387 0.747409 0.466135 0.480537 0.510013 0.506649 0.689384 0.661517 0.718398 0.685857 0.755945 0.469895 0.472585 0.510582 0.498044 0.545682 0.479508 0.516896 0.497305 0.703379 0.729662 0.669587 0.478378 0.714643 0.449312 0.687109 0.670839 0.747184 0.469281 0.717146 0.748436 0.523154 0.466834 0.712140 0.499331 0.413333
AZB49187__undef        0.836788 0.716123 0.714144 0.734916 0.472799 0.527201 0.661721 0.735905 0.704253 0.499505 0.713155 0.669634 0.741840 0.690406 0.477183 0.478692 0.723046 0.671612 0.710188 0.722057 0.709199 0.707221 0.519288 0.458333 0.707221 0.534418 0.000000 0.236868 0.482932 0.472112 0.691395 0.466864 0.727003 0.732938 0.664677 0.715134 0.656775 0.706231 0.719090 0.466000 0.712166 0.667656 0.673591 0.496496 0.665678 0.720079 0.683482 0.701286 0.464393 0.674280 0.659743 0.661721 0.658754 0.501484 0.705242 0.722057 0.493988 0.725025 0.652819 0.514342 0.734916 0.484669 0.720079 0.463682 0.729970 0.742829 0.482656 0.713155 0.519288 0.710188 0.671612 0.625185 0.479723 0.687438 0.485753 0.471390 0.724036 0.726014 0.727003 0.680288 0.472826 0.508021 0.785006 0.670683 0.540107 0.530749 0.534137 0.554521 0.589617 0.535381 0.683393 0.472678 0.480272 0.511502 0.521448 0.532911 0.460916 0.465426 0.529489 0.473755 0.466307 0.483680 0.670171 0.484728 0.663880 0.464096 0.498065 0.524832 0.428571 0.484669 0.695596 0.483400 0.511409 0.512684 0.510638 0.698558 0.672753 0.715698 0.737686 0.751082 0.482984 0.489556 0.523810 0.524120 0.479401 0.549180 0.478958 0.502695 0.689416 0.701286 0.660732 0.518919 0.707221 0.474950 0.716123 0.649852 0.708210 0.486275 0.737883 0.711177 0.487512 0.467662 0.722057 0.464525 0.438333
AZB49114__undef        0.823834 0.721506 0.714569 0.731417 0.481665 0.508424 0.663033 0.728444 0.694747 0.494549 0.711596 0.676908 0.689792 0.665015 0.482143 0.464817 0.720515 0.676908 0.721506 0.719524 0.692765 0.713578 0.503469 0.478175 0.705649 0.519399 0.236868 0.000000 0.518072 0.480080 0.660059 0.497522 0.717542 0.728444 0.662687 0.708622 0.661051 0.711596 0.716551 0.483000 0.721506 0.670961 0.672944 0.526527 0.663033 0.714569 0.683845 0.719524 0.475426 0.665343 0.655104 0.657086 0.662042 0.510406 0.715560 0.712587 0.487976 0.718533 0.665015 0.512389 0.672944 0.477701 0.729435 0.464677 0.727453 0.736373 0.474727 0.714569 0.506442 0.717542 0.724480 0.626667 0.480674 0.682854 0.489824 0.471390 0.721506 0.717542 0.716551 0.677885 0.468750 0.514706 0.781698 0.657296 0.534759 0.521390 0.542169 0.543883 0.577256 0.539386 0.685783 0.464481 0.481633 0.508796 0.506702 0.534177 0.471698 0.476064 0.520315 0.462988 0.479784 0.476710 0.672799 0.471448 0.662207 0.484043 0.514839 0.522148 0.419643 0.480674 0.683938 0.486056 0.520805 0.515354 0.521277 0.692005 0.681180 0.720643 0.734250 0.742424 0.481675 0.496084 0.521164 0.535854 0.495630 0.558743 0.510020 0.491914 0.669970 0.699703 0.661051 0.513514 0.705649 0.472946 0.723489 0.652131 0.666006 0.501961 0.733399 0.703667 0.490509 0.467662 0.702676 0.463186 0.431667
YP_009505421__AF376034 0.838083 0.728916 0.730924 0.741968 0.433735 0.555221 0.689759 0.748996 0.714859 0.509036 0.730924 0.722892 0.724900 0.716867 0.422691 0.443775 0.730924 0.680723 0.740964 0.738956 0.728916 0.740964 0.503012 0.389558 0.719880 0.535670 0.482932 0.518072 0.000000 0.500000 0.710843 0.496988 0.735944 0.748996 0.671687 0.737952 0.675703 0.727912 0.735944 0.365462 0.745984 0.697791 0.697791 0.212851 0.681727 0.737952 0.689759 0.723896 0.497992 0.668675 0.715863 0.708835 0.683735 0.505020 0.736948 0.734940 0.505020 0.737952 0.689759 0.580321 0.707831 0.464859 0.739960 0.426707 0.752008 0.741968 0.463855 0.730924 0.473896 0.737952 0.731928 0.631111 0.456827 0.711847 0.473541 0.509537 0.718876 0.736948 0.741968 0.699519 0.445652 0.538770 0.776185 0.713521 0.590909 0.584225 0.552878 0.585106 0.629172 0.558077 0.695341 0.486339 0.530612 0.506089 0.518767 0.486076 0.471698 0.507979 0.525557 0.436070 0.428571 0.455823 0.756899 0.491368 0.677258 0.468085 0.536774 0.516779 0.453125 0.453815 0.712435 0.492696 0.531544 0.526035 0.518617 0.726081 0.695225 0.802225 0.780069 0.770563 0.534031 0.518277 0.551587 0.537158 0.528090 0.214481 0.267068 0.504043 0.707831 0.727912 0.679719 0.513514 0.714859 0.414659 0.728916 0.680723 0.718876 0.499346 0.730924 0.732932 0.505020 0.434739 0.745984 0.492637 0.420000
YP_009505339__AF478169 0.847150 0.661355 0.711155 0.734064 0.458167 0.505976 0.658367 0.735060 0.721116 0.400398 0.718127 0.700199 0.679283 0.657371 0.458167 0.442231 0.728088 0.656375 0.731076 0.729084 0.710159 0.726096 0.490040 0.455179 0.720120 0.504380 0.472112 0.480080 0.500000 0.000000 0.684263 0.429283 0.736056 0.738048 0.654382 0.720120 0.657371 0.705179 0.726096 0.454000 0.737052 0.682271 0.675299 0.516517 0.702191 0.725100 0.659363 0.723108 0.364092 0.649402 0.677291 0.655378 0.710159 0.519920 0.733068 0.729084 0.399800 0.733068 0.655378 0.524900 0.736056 0.468127 0.722112 0.459163 0.729084 0.730080 0.452191 0.719124 0.511952 0.726096 0.656375 0.605926 0.457171 0.732072 0.464043 0.459128 0.722112 0.737052 0.711155 0.669471 0.459239 0.430481 0.751929 0.655957 0.538770 0.524064 0.526104 0.529255 0.571075 0.532710 0.665472 0.467213 0.361905 0.491204 0.510724 0.500000 0.475741 0.473404 0.515072 0.475101 0.455526 0.462151 0.670171 0.486056 0.648829 0.468085 0.538065 0.493960 0.421875 0.463147 0.689119 0.472776 0.507383 0.531375 0.525266 0.709043 0.685393 0.724351 0.730813 0.732684 0.484293 0.490862 0.535714 0.529335 0.408240 0.530055 0.485972 0.413747 0.710159 0.704183 0.659363 0.489189 0.697211 0.441884 0.704183 0.652390 0.655378 0.504575 0.733068 0.733068 0.204795 0.455179 0.723108 0.444444 0.430000
