140
NP_042931__X83413      0.000000 0.722332 0.748024 0.724308 0.671937 0.575099 0.627470 0.751976 0.666008 0.738142 0.725296 0.641304 0.736166 0.661067 0.731225 0.669960 0.583004 0.604743 0.664683 0.662042 0.739130 0.670949 0.658073 0.663488 0.751976 0.736166 0.679525 0.739130 0.735178 0.745059 0.503483 0.747036 0.715415 0.743083 0.738142 0.655138 0.748024 0.750988 0.642292 0.637352 0.652644 0.668478 0.668449 0.699008 0.580991 0.685829 0.668449 0.676037 0.668883 0.700865 0.672897 0.660693 0.657104 0.669388 0.672530 0.662198 0.694937 0.660377 0.671543 0.668414 0.667564 0.669811 0.665020 0.626807 0.679947 0.663880 0.662234 0.676129 0.675168 0.609375 0.661067 0.593264 0.666667 0.688109 0.655034 0.656876 0.659574 0.584535 0.582865 0.684796 0.682703 0.690476 0.675393 0.680157 0.656085 0.664928 0.671660 0.661000 0.718447 0.350791 0.673913 0.518371 0.654382 0.665020 0.736166 0.679359 0.698087 0.715415 0.694695 0.668337 0.579051 0.653162 0.680593 0.549407 0.732213 0.657711 0.342885 0.719368 0.338279 0.718379 0.640316 0.551383 0.661986 0.674324 0.726285 0.597826 0.553360 0.664024 0.655138 0.668651 0.650301 0.576087 0.426877 0.571749 0.654150 0.744071 0.733202 0.733202 0.745059 0.629447 0.669281 0.543478 0.736166 0.691767 0.741107 0.659341 0.667662 0.725296 0.633199 0.636667
AUS94923__MF431614.1   0.722332 0.000000 0.423240 0.619963 0.713333 0.733333 0.775410 0.521311 0.717241 0.453566 0.129508 0.726052 0.442211 0.709486 0.597595 0.715400 0.745098 0.743809 0.718254 0.716551 0.533607 0.695320 0.708277 0.728883 0.460656 0.443049 0.721068 0.454098 0.536885 0.419672 0.736318 0.450000 0.419540 0.458197 0.370954 0.722493 0.463115 0.470492 0.745387 0.739255 0.747596 0.736413 0.732620 0.789416 0.733601 0.719251 0.720588 0.709505 0.740691 0.733004 0.706275 0.734767 0.737705 0.726531 0.715832 0.739946 0.756962 0.749326 0.726064 0.731324 0.736205 0.730458 0.724580 0.729304 0.737052 0.454849 0.724734 0.747097 0.723490 0.636161 0.717670 0.718912 0.730412 0.300195 0.714094 0.728972 0.728723 0.737877 0.741573 0.742892 0.762887 0.737013 0.704188 0.703655 0.743386 0.722295 0.719101 0.720000 0.439320 0.741107 0.698819 0.728898 0.718127 0.711045 0.480672 0.714429 0.751366 0.549470 0.739740 0.725451 0.719231 0.728062 0.731806 0.733716 0.509016 0.720398 0.735439 0.533842 0.741840 0.229508 0.741530 0.734375 0.701103 0.717568 0.622937 0.780328 0.735776 0.716551 0.727687 0.729167 0.725451 0.724272 0.731755 0.612108 0.707556 0.454098 0.471843 0.528631 0.478992 0.710453 0.705882 0.735352 0.469860 0.730924 0.465731 0.709291 0.721393 0.425759 0.697456 0.698333
ARE29832__KY057364.1   0.748024 0.423240 0.000000 0.646520 0.722857 0.733333 0.766751 0.478372 0.724138 0.553859 0.426633 0.739481 0.463104 0.718379 0.623497 0.716374 0.751066 0.752348 0.714286 0.697721 0.488550 0.734479 0.702849 0.723433 0.521628 0.454623 0.728981 0.547922 0.497031 0.553859 0.735323 0.538592 0.485157 0.543681 0.368109 0.731256 0.536047 0.491942 0.770295 0.730659 0.713942 0.718750 0.723262 0.772878 0.710843 0.744652 0.729947 0.740295 0.743351 0.747837 0.743658 0.707288 0.721311 0.727891 0.732070 0.735925 0.743038 0.714286 0.731383 0.735256 0.737550 0.721024 0.695953 0.725361 0.738380 0.491639 0.726064 0.707097 0.722148 0.660714 0.693978 0.722798 0.742364 0.185185 0.735570 0.723632 0.728723 0.745740 0.747191 0.756489 0.743414 0.760823 0.708115 0.738903 0.736772 0.743155 0.714107 0.716000 0.470874 0.743083 0.697835 0.729891 0.705179 0.720907 0.524173 0.719439 0.706284 0.562721 0.709710 0.708417 0.720192 0.729026 0.730458 0.727969 0.514843 0.716418 0.743337 0.565300 0.751731 0.432570 0.725073 0.744141 0.712136 0.732432 0.615986 0.790500 0.741562 0.702676 0.738616 0.716270 0.699399 0.737864 0.747535 0.625561 0.726202 0.510602 0.463311 0.485157 0.505513 0.726179 0.709804 0.740234 0.519084 0.727912 0.538592 0.710290 0.702488 0.443596 0.690763 0.681667
AUT11961__MG775218.1   0.724308 0.619963 0.646520 0.000000 0.722857 0.711111 0.760073 0.626374 0.719212 0.612637 0.651099 0.733516 0.642857 0.718379 0.405180 0.720273 0.729853 0.705128 0.713294 0.718533 0.578755 0.713467 0.731343 0.728883 0.571429 0.556777 0.726014 0.563187 0.598901 0.639194 0.726368 0.567766 0.574176 0.564103 0.589744 0.717624 0.602564 0.579670 0.744465 0.740210 0.752404 0.711957 0.740642 0.782800 0.725569 0.725936 0.728610 0.720214 0.720745 0.752781 0.734312 0.718041 0.734973 0.726531 0.745602 0.733244 0.729114 0.730458 0.730053 0.723460 0.724092 0.729111 0.720632 0.716163 0.727756 0.503344 0.726064 0.750968 0.732886 0.627232 0.721619 0.704663 0.722444 0.489279 0.744966 0.724967 0.734043 0.714286 0.714888 0.737948 0.767468 0.742424 0.730366 0.716710 0.739418 0.732725 0.707865 0.709000 0.548544 0.740119 0.717520 0.737835 0.720120 0.717949 0.567766 0.719439 0.722678 0.575092 0.722723 0.711423 0.716346 0.712633 0.718329 0.702107 0.574176 0.713433 0.737414 0.577693 0.733927 0.645604 0.742498 0.712891 0.718154 0.737838 0.607143 0.764652 0.715526 0.712587 0.711538 0.729167 0.721443 0.725243 0.721893 0.627803 0.723258 0.650183 0.606227 0.633700 0.578755 0.703978 0.733333 0.711914 0.601648 0.719880 0.578755 0.718282 0.710448 0.584249 0.678715 0.675000
APT43366__KU315429.1   0.671937 0.713333 0.722857 0.722857 0.000000 0.674396 0.719048 0.727619 0.466010 0.728571 0.721905 0.714286 0.734286 0.423913 0.710476 0.481481 0.678095 0.686667 0.169643 0.460852 0.740000 0.462273 0.446404 0.440054 0.725714 0.708571 0.436202 0.722857 0.740000 0.727619 0.679602 0.725714 0.716190 0.694286 0.723810 0.478092 0.730476 0.729524 0.679048 0.680993 0.677885 0.414402 0.477273 0.747519 0.658635 0.509358 0.512032 0.503347 0.488032 0.537701 0.485981 0.669056 0.459016 0.455782 0.507442 0.494638 0.226582 0.440701 0.430851 0.495413 0.445491 0.265499 0.443238 0.674113 0.472776 0.653846 0.432181 0.509677 0.497987 0.433036 0.436328 0.693005 0.448871 0.660819 0.485906 0.519359 0.473404 0.695937 0.675562 0.723115 0.710195 0.719697 0.443717 0.458225 0.535714 0.505867 0.461923 0.366000 0.680825 0.683794 0.506890 0.667329 0.457171 0.425049 0.728571 0.459920 0.482240 0.700952 0.474474 0.431864 0.691346 0.698168 0.473046 0.678161 0.725714 0.429851 0.676209 0.706387 0.670623 0.706667 0.680542 0.673828 0.443330 0.508108 0.705714 0.737143 0.664417 0.465808 0.664762 0.338294 0.438878 0.708738 0.655819 0.356502 0.503435 0.720952 0.721905 0.740000 0.735238 0.707619 0.466667 0.661133 0.728571 0.456827 0.731429 0.450549 0.421891 0.723810 0.424364 0.393333
AUI40754__MF468147.1   0.575099 0.733333 0.733333 0.711111 0.674396 0.000000 0.435749 0.747826 0.650246 0.727536 0.725604 0.506280 0.741063 0.647233 0.718841 0.649123 0.510145 0.495652 0.671627 0.656095 0.746860 0.661836 0.683853 0.664850 0.729469 0.717874 0.663699 0.733333 0.735266 0.728502 0.578109 0.734300 0.725604 0.731401 0.734300 0.656280 0.732367 0.740097 0.628986 0.628986 0.652644 0.672554 0.661765 0.495039 0.279786 0.653743 0.671123 0.661312 0.658245 0.710754 0.651535 0.640382 0.669399 0.654422 0.690122 0.674263 0.694937 0.676550 0.647606 0.688073 0.668910 0.676550 0.645607 0.182654 0.665339 0.683946 0.672872 0.681290 0.663087 0.631696 0.639684 0.520725 0.656042 0.668616 0.728859 0.676903 0.719415 0.491481 0.546348 0.557478 0.591065 0.638528 0.687173 0.660574 0.667989 0.679270 0.632959 0.657000 0.700243 0.583992 0.667323 0.584906 0.657371 0.675542 0.727536 0.638277 0.710383 0.737198 0.693694 0.720441 0.189372 0.165217 0.637466 0.475362 0.720773 0.716418 0.584403 0.726570 0.581602 0.711111 0.635044 0.359375 0.652959 0.681081 0.710145 0.390338 0.350725 0.712587 0.483092 0.715278 0.713427 0.620388 0.561144 0.623318 0.650638 0.734300 0.738164 0.751691 0.765217 0.481159 0.688889 0.355469 0.744928 0.716867 0.728502 0.659341 0.714428 0.737198 0.681392 0.618333
AQN70683__KY490069.1   0.627470 0.775410 0.766751 0.760073 0.719048 0.435749 0.000000 0.784426 0.688670 0.781924 0.773770 0.585497 0.825796 0.691700 0.786309 0.732943 0.670929 0.593510 0.688492 0.688801 0.785948 0.692455 0.746269 0.689373 0.776348 0.742044 0.706231 0.771521 0.773130 0.759453 0.698507 0.770716 0.770115 0.770346 0.781743 0.725414 0.770716 0.781377 0.731550 0.712512 0.705529 0.699728 0.699198 0.174201 0.247657 0.688503 0.696524 0.693440 0.690160 0.703337 0.694259 0.675030 0.709016 0.693878 0.690122 0.689008 0.770886 0.706199 0.684840 0.680210 0.694482 0.676550 0.690030 0.340342 0.694555 0.697324 0.690160 0.698065 0.689933 0.654018 0.679171 0.537565 0.665339 0.676413 0.685906 0.703605 0.706117 0.513761 0.571629 0.578492 0.616266 0.586580 0.697644 0.706266 0.667989 0.710561 0.702871 0.747000 0.725728 0.634387 0.697835 0.710030 0.732072 0.687377 0.768067 0.685371 0.724044 0.779152 0.751752 0.709419 0.429808 0.423337 0.690027 0.557471 0.761943 0.703483 0.713722 0.758818 0.714144 0.773956 0.676670 0.431641 0.740221 0.713514 0.748914 0.316171 0.424301 0.695738 0.567395 0.703373 0.688377 0.529126 0.597633 0.641256 0.728165 0.758564 0.779010 0.761826 0.775630 0.550416 0.711111 0.432617 0.779521 0.711847 0.775392 0.745255 0.695522 0.774405 0.696118 0.618333
AUB51199__MF431496.1   0.751976 0.521311 0.478372 0.626374 0.727619 0.747826 0.784426 0.000000 0.730049 0.426202 0.477869 0.747538 0.496650 0.726285 0.603145 0.734893 0.763001 0.760888 0.730159 0.730426 0.510656 0.728749 0.748982 0.743869 0.543443 0.524288 0.738872 0.548361 0.396721 0.541803 0.747264 0.545082 0.438424 0.545082 0.483817 0.744888 0.543443 0.546721 0.735240 0.753582 0.721154 0.737772 0.743316 0.772878 0.740295 0.732620 0.727273 0.724230 0.727394 0.750309 0.731642 0.741935 0.739071 0.740136 0.746955 0.752011 0.745570 0.750674 0.732713 0.749672 0.744280 0.738544 0.731491 0.720105 0.743692 0.489967 0.739362 0.760000 0.731544 0.654018 0.728529 0.726684 0.747676 0.364522 0.747651 0.714286 0.702128 0.733945 0.741573 0.742892 0.770905 0.772727 0.710733 0.742820 0.719577 0.732725 0.715356 0.732000 0.478155 0.756917 0.718504 0.748759 0.736056 0.729783 0.547059 0.723447 0.756831 0.612191 0.747748 0.740481 0.733654 0.735776 0.742588 0.737548 0.506557 0.735323 0.753208 0.603432 0.740851 0.513934 0.751210 0.729492 0.726179 0.744595 0.609036 0.798361 0.741562 0.731417 0.736794 0.741071 0.734469 0.740777 0.756410 0.625561 0.741904 0.515574 0.520478 0.285477 0.248739 0.722479 0.721569 0.737305 0.242775 0.748996 0.540875 0.723277 0.730348 0.491386 0.708166 0.708333
ATO60782__MG021317.1   0.666008 0.717241 0.724138 0.719212 0.466010 0.650246 0.688670 0.730049 0.000000 0.734975 0.701478 0.664039 0.732020 0.500988 0.712315 0.522167 0.663054 0.662069 0.473214 0.504460 0.735961 0.478818 0.522388 0.490463 0.718227 0.708374 0.470821 0.718227 0.724138 0.714286 0.680597 0.721182 0.718227 0.721182 0.705419 0.535961 0.727094 0.724138 0.674877 0.666010 0.671875 0.516304 0.540107 0.721058 0.663989 0.228610 0.241979 0.251673 0.143617 0.194067 0.153538 0.665472 0.523224 0.476190 0.523681 0.542895 0.535443 0.517520 0.496011 0.567497 0.500673 0.524259 0.500494 0.672799 0.528552 0.660535 0.492021 0.570323 0.508725 0.428571 0.499506 0.665803 0.531208 0.660819 0.524832 0.560748 0.529255 0.651376 0.685393 0.688504 0.753723 0.759740 0.541885 0.509138 0.547619 0.573664 0.516854 0.507000 0.680825 0.673913 0.265025 0.686197 0.504980 0.498028 0.701478 0.511022 0.571038 0.696552 0.551552 0.543086 0.648276 0.696552 0.539084 0.641379 0.724138 0.506468 0.671273 0.687685 0.662710 0.695567 0.673892 0.648276 0.501505 0.544595 0.690640 0.677833 0.652217 0.505451 0.651232 0.503968 0.500000 0.715271 0.632150 0.401345 0.537931 0.719212 0.730049 0.731034 0.713300 0.648276 0.520261 0.658128 0.715271 0.555221 0.721182 0.515485 0.511443 0.729064 0.457831 0.450000
APQ48421__KU216226.1   0.738142 0.453566 0.553859 0.612637 0.728571 0.727536 0.781924 0.426202 0.734975 0.000000 0.453566 0.735004 0.469012 0.712451 0.658649 0.735867 0.744246 0.754910 0.717262 0.714569 0.560531 0.724928 0.735414 0.723433 0.543947 0.501675 0.733927 0.509950 0.444444 0.490879 0.749254 0.513267 0.393864 0.514925 0.475519 0.732230 0.555556 0.561360 0.750923 0.738300 0.729567 0.730978 0.748663 0.768467 0.725569 0.751337 0.729947 0.751004 0.760638 0.766378 0.762350 0.714456 0.737705 0.741497 0.748309 0.730563 0.740506 0.718329 0.724734 0.736566 0.742934 0.747978 0.713722 0.722733 0.726428 0.471572 0.723404 0.748387 0.722148 0.645089 0.713722 0.738342 0.725100 0.368421 0.743624 0.740988 0.736702 0.739187 0.757022 0.739184 0.759450 0.756494 0.706806 0.732376 0.742063 0.740548 0.737828 0.704000 0.452670 0.747036 0.727362 0.754717 0.729084 0.715976 0.573950 0.735471 0.732240 0.621025 0.748749 0.728457 0.728846 0.729026 0.746631 0.735632 0.466003 0.729353 0.745311 0.558627 0.748764 0.450249 0.727009 0.729492 0.734203 0.755405 0.579496 0.787728 0.729990 0.714569 0.737705 0.731151 0.725451 0.729126 0.741617 0.621076 0.733072 0.558872 0.493174 0.491286 0.496639 0.729880 0.722876 0.727539 0.487562 0.734940 0.524046 0.731269 0.730348 0.397181 0.697456 0.683333
AMB16939__KT324748.1   0.725296 0.129508 0.426633 0.651099 0.721905 0.725604 0.773770 0.477869 0.701478 0.453566 0.000000 0.732319 0.428811 0.713439 0.595745 0.718324 0.747656 0.746371 0.720238 0.718533 0.487705 0.701051 0.701493 0.701635 0.465574 0.453099 0.726014 0.468033 0.536066 0.422951 0.734328 0.488525 0.415435 0.468852 0.372614 0.704966 0.468033 0.473770 0.757380 0.745941 0.722356 0.733696 0.708556 0.773980 0.725569 0.715241 0.711230 0.701473 0.708777 0.731768 0.703605 0.724014 0.709016 0.727891 0.713126 0.729223 0.762025 0.737197 0.730053 0.736566 0.730821 0.735849 0.719645 0.705650 0.730412 0.454849 0.727394 0.726452 0.724832 0.642857 0.715696 0.715026 0.733068 0.294347 0.720805 0.711615 0.727394 0.724771 0.740169 0.750309 0.757159 0.741342 0.708115 0.737598 0.740741 0.745763 0.714107 0.726000 0.445388 0.736166 0.715551 0.726912 0.719124 0.707101 0.530252 0.716433 0.755464 0.550353 0.738739 0.727455 0.716346 0.723240 0.725067 0.723180 0.475410 0.722388 0.736426 0.530982 0.731949 0.242623 0.744434 0.729492 0.709127 0.717568 0.623805 0.783607 0.731919 0.713578 0.719490 0.733135 0.723447 0.728155 0.733728 0.605381 0.727184 0.459836 0.479522 0.520332 0.525210 0.718779 0.699346 0.728516 0.517754 0.729920 0.472337 0.708292 0.722388 0.433142 0.694779 0.695000
Q69025__undef          0.641304 0.726052 0.739481 0.733516 0.714286 0.506280 0.585497 0.747538 0.664039 0.735004 0.732319 0.000000 0.728738 0.691700 0.736355 0.667641 0.556849 0.542525 0.704365 0.723489 0.730528 0.704871 0.735414 0.673025 0.744852 0.731423 0.713155 0.731423 0.735900 0.737690 0.591045 0.739481 0.713518 0.727842 0.739481 0.704966 0.745748 0.743957 0.666052 0.633238 0.645433 0.736413 0.729947 0.637266 0.538153 0.668449 0.675134 0.724230 0.662234 0.699629 0.659546 0.618877 0.687158 0.659864 0.740189 0.664879 0.737975 0.725067 0.656915 0.673657 0.656797 0.725067 0.697927 0.534823 0.719788 0.657191 0.656915 0.745806 0.730201 0.625000 0.695953 0.544041 0.664011 0.647173 0.728859 0.656876 0.730053 0.508519 0.511236 0.546354 0.584192 0.626623 0.671466 0.733681 0.664021 0.687093 0.654182 0.717000 0.685680 0.563241 0.666339 0.642502 0.661355 0.701183 0.731423 0.644289 0.743169 0.734109 0.728729 0.717435 0.517308 0.513018 0.653639 0.504789 0.739481 0.717413 0.563672 0.726406 0.579624 0.726947 0.663117 0.506836 0.650953 0.747297 0.703671 0.572963 0.502411 0.726462 0.505464 0.690476 0.716433 0.498058 0.565089 0.607623 0.719333 0.742167 0.730528 0.741271 0.760072 0.483811 0.682353 0.503906 0.741271 0.728916 0.733214 0.663337 0.716418 0.717099 0.633199 0.670000
Q4JQU7__undef          0.736166 0.442211 0.463104 0.642857 0.734286 0.741063 0.825796 0.496650 0.732020 0.469012 0.428811 0.728738 0.000000 0.710474 0.610546 0.735867 0.779199 0.750640 0.715278 0.732408 0.493300 0.732569 0.715061 0.741144 0.524288 0.484087 0.736894 0.527638 0.505025 0.515075 0.733333 0.525126 0.500000 0.539363 0.439698 0.733204 0.504188 0.479899 0.767528 0.759312 0.768029 0.732337 0.727273 0.781698 0.732262 0.721925 0.752674 0.751004 0.726064 0.761434 0.750334 0.728793 0.718579 0.742857 0.755074 0.727882 0.750633 0.730458 0.744681 0.737877 0.726783 0.753369 0.732478 0.738502 0.751660 0.503344 0.740691 0.731613 0.738255 0.667411 0.726555 0.750000 0.751660 0.372320 0.716779 0.755674 0.735372 0.745740 0.723315 0.761434 0.759450 0.765152 0.710733 0.720627 0.728836 0.722295 0.717853 0.750000 0.453883 0.752964 0.713583 0.730884 0.734064 0.732742 0.521849 0.726453 0.736339 0.587456 0.760761 0.724449 0.733654 0.740598 0.737197 0.740421 0.512563 0.745274 0.744324 0.590086 0.743818 0.428811 0.755082 0.742188 0.733200 0.737838 0.605560 0.796482 0.741562 0.735382 0.744991 0.748016 0.742485 0.730097 0.733728 0.623318 0.737978 0.499162 0.372867 0.511725 0.548739 0.725254 0.708497 0.743164 0.496650 0.741968 0.493300 0.726274 0.745274 0.484925 0.693440 0.666667
Q2HRD0__undef          0.661067 0.709486 0.718379 0.718379 0.423913 0.647233 0.691700 0.726285 0.500988 0.712451 0.713439 0.691700 0.710474 0.000000 0.717391 0.456522 0.671937 0.672925 0.431548 0.404361 0.730237 0.448617 0.396201 0.403270 0.714427 0.690711 0.419387 0.713439 0.724308 0.708498 0.663682 0.726285 0.717391 0.714427 0.710474 0.458498 0.718379 0.719368 0.668972 0.660079 0.668269 0.396739 0.489305 0.740904 0.654618 0.500000 0.502674 0.500669 0.509309 0.553770 0.496662 0.661888 0.437158 0.432653 0.462788 0.453083 0.462025 0.385445 0.160904 0.471822 0.398385 0.415094 0.265810 0.662286 0.347942 0.628763 0.131649 0.499355 0.489933 0.401786 0.249012 0.700777 0.249668 0.639376 0.457718 0.488652 0.485372 0.678899 0.654494 0.697157 0.698740 0.716450 0.424084 0.433420 0.500000 0.477184 0.454432 0.418000 0.684466 0.667984 0.520751 0.660377 0.458167 0.340909 0.718379 0.448898 0.493169 0.680830 0.456456 0.429860 0.649209 0.647233 0.466307 0.666008 0.716403 0.396020 0.666008 0.684783 0.661721 0.707510 0.669960 0.648221 0.462387 0.455405 0.709486 0.690711 0.666996 0.410307 0.714427 0.420635 0.393788 0.706522 0.637352 0.354260 0.467391 0.719368 0.707510 0.730237 0.726285 0.709486 0.424837 0.651186 0.723320 0.433735 0.717391 0.453546 0.394030 0.717391 0.408300 0.213333
Q6UDK1__undef          0.731225 0.597595 0.623497 0.405180 0.710476 0.718841 0.786309 0.603145 0.712315 0.658649 0.595745 0.736355 0.610546 0.717391 0.000000 0.731969 0.728955 0.716004 0.705357 0.711596 0.565217 0.698185 0.728630 0.739782 0.542091 0.594820 0.726014 0.541166 0.574468 0.641998 0.742289 0.558742 0.585569 0.542091 0.605920 0.729309 0.580019 0.555967 0.744681 0.739255 0.750000 0.711957 0.745989 0.772878 0.725569 0.731283 0.719251 0.709505 0.716755 0.741656 0.722296 0.715651 0.737705 0.731973 0.737483 0.717158 0.707595 0.730458 0.715426 0.728702 0.733513 0.727763 0.722606 0.727989 0.726428 0.513378 0.724734 0.749677 0.740940 0.622768 0.720632 0.711140 0.727756 0.497076 0.736913 0.744993 0.735372 0.722149 0.700843 0.737948 0.733104 0.752165 0.710733 0.720627 0.743386 0.741851 0.727840 0.720000 0.578883 0.731225 0.717520 0.746773 0.721116 0.714990 0.660500 0.734469 0.725410 0.568918 0.715716 0.717435 0.721154 0.727097 0.707547 0.702107 0.568918 0.714428 0.734452 0.632031 0.730959 0.579093 0.728945 0.700195 0.720160 0.728378 0.601295 0.779833 0.703954 0.710605 0.712303 0.730159 0.716433 0.706796 0.714990 0.630045 0.740922 0.560592 0.617021 0.591119 0.580019 0.729880 0.720261 0.704102 0.601295 0.714859 0.556892 0.725275 0.708458 0.545791 0.694779 0.660000
O36363__undef          0.669960 0.715400 0.716374 0.720273 0.481481 0.649123 0.732943 0.734893 0.522167 0.735867 0.718324 0.667641 0.735867 0.456522 0.731969 0.000000 0.682261 0.736842 0.473214 0.461843 0.739766 0.507797 0.473541 0.478202 0.733918 0.730994 0.473788 0.736842 0.738791 0.731969 0.659701 0.740741 0.723197 0.736842 0.722222 0.510721 0.735867 0.743665 0.667641 0.670565 0.662260 0.480978 0.377005 0.739802 0.645248 0.553476 0.536096 0.546185 0.538564 0.583436 0.543391 0.660693 0.456284 0.414966 0.518268 0.513405 0.513924 0.471698 0.482713 0.528178 0.476447 0.456873 0.477789 0.729304 0.501992 0.665552 0.470745 0.532903 0.530201 0.446429 0.484699 0.678756 0.486056 0.654971 0.515436 0.530040 0.515957 0.709043 0.668539 0.707046 0.723940 0.784632 0.489529 0.507833 0.539683 0.528031 0.263421 0.456000 0.701456 0.671937 0.550197 0.659384 0.400398 0.479290 0.730994 0.250501 0.516393 0.681287 0.494494 0.489980 0.653996 0.651072 0.257412 0.689084 0.737817 0.457711 0.668312 0.704678 0.673591 0.724172 0.669591 0.653320 0.341023 0.512162 0.724172 0.743665 0.653996 0.463826 0.717349 0.464286 0.460922 0.663743 0.657791 0.378924 0.522080 0.738791 0.728070 0.735867 0.734893 0.707602 0.505882 0.649414 0.737817 0.509036 0.740741 0.390609 0.458706 0.728070 0.441767 0.450000
Q85428__undef          0.583004 0.745098 0.751066 0.729853 0.678095 0.510145 0.670929 0.763001 0.663054 0.744246 0.747656 0.556849 0.779199 0.671937 0.728955 0.682261 0.000000 0.577284 0.692460 0.679881 0.766411 0.718243 0.747626 0.660763 0.754476 0.731458 0.685460 0.737425 0.752771 0.733163 0.675622 0.751066 0.744246 0.746803 0.756181 0.715677 0.737425 0.757033 0.730627 0.710602 0.683894 0.726902 0.685829 0.648291 0.514056 0.673797 0.685829 0.672021 0.687500 0.718171 0.679573 0.659498 0.703552 0.676190 0.707713 0.678284 0.706329 0.684636 0.667553 0.750983 0.737550 0.704852 0.664363 0.570302 0.695883 0.668896 0.671543 0.708387 0.714094 0.629464 0.709773 0.419689 0.682603 0.658869 0.739597 0.686248 0.736702 0.373526 0.557584 0.443758 0.560137 0.597403 0.692408 0.687990 0.685185 0.702738 0.665418 0.685000 0.700243 0.603755 0.714567 0.673287 0.700199 0.681460 0.777494 0.676353 0.695355 0.746466 0.714715 0.733467 0.527885 0.517840 0.683288 0.370690 0.751066 0.668657 0.683119 0.712107 0.674580 0.739983 0.694095 0.509766 0.713139 0.700000 0.787142 0.617221 0.514947 0.682854 0.417122 0.725198 0.677355 0.551456 0.569034 0.636771 0.721295 0.738278 0.761092 0.800512 0.770673 0.528215 0.690196 0.499023 0.749361 0.722892 0.735720 0.677323 0.710448 0.751066 0.690763 0.640000
Q9YUS3__undef          0.604743 0.743809 0.752348 0.705128 0.686667 0.495652 0.593510 0.760888 0.662069 0.754910 0.746371 0.542525 0.750640 0.672925 0.716004 0.736842 0.577284 0.000000 0.676587 0.742319 0.759180 0.659026 0.708277 0.686649 0.756618 0.725875 0.676558 0.717336 0.742101 0.725875 0.627861 0.747225 0.736977 0.716482 0.758326 0.740019 0.750640 0.755764 0.687269 0.676218 0.674279 0.725543 0.657754 0.611907 0.568942 0.713904 0.691176 0.708166 0.704787 0.730532 0.682243 0.664277 0.722678 0.687075 0.711773 0.690349 0.677215 0.694070 0.652926 0.697248 0.736205 0.698113 0.731491 0.482260 0.729084 0.658863 0.651596 0.690323 0.758389 0.611607 0.725568 0.514249 0.690571 0.637427 0.699329 0.703605 0.674202 0.546527 0.581461 0.577256 0.593356 0.627706 0.675393 0.698433 0.693122 0.702738 0.672909 0.696000 0.697816 0.627470 0.742126 0.676266 0.679283 0.665680 0.744663 0.675351 0.745902 0.755300 0.753754 0.748497 0.478846 0.507232 0.687332 0.516284 0.756618 0.683582 0.626851 0.701621 0.622156 0.736977 0.671830 0.532227 0.676028 0.712162 0.719374 0.578992 0.516876 0.741328 0.533698 0.720238 0.747495 0.518447 0.586785 0.659193 0.700687 0.746371 0.757472 0.760034 0.749787 0.483811 0.679739 0.524414 0.757472 0.724900 0.745517 0.686314 0.680597 0.739539 0.708166 0.671667
P52367__undef          0.664683 0.718254 0.714286 0.713294 0.169643 0.671627 0.688492 0.730159 0.473214 0.717262 0.720238 0.704365 0.715278 0.431548 0.705357 0.473214 0.692460 0.676587 0.000000 0.433532 0.740079 0.438492 0.432836 0.420981 0.714286 0.715278 0.431548 0.722222 0.734127 0.715278 0.686567 0.720238 0.726190 0.712302 0.728175 0.476190 0.716270 0.721230 0.666667 0.666667 0.676683 0.380435 0.485294 0.755237 0.676037 0.502674 0.510695 0.502008 0.492021 0.535229 0.479306 0.673835 0.453552 0.468027 0.484438 0.489276 0.232911 0.405660 0.422872 0.484928 0.432032 0.222372 0.436508 0.684625 0.460823 0.648829 0.425532 0.517419 0.495302 0.401786 0.426587 0.693005 0.440903 0.670565 0.469799 0.496662 0.465426 0.697248 0.672753 0.724351 0.710195 0.731602 0.429319 0.430809 0.519841 0.499348 0.468165 0.326000 0.685680 0.682540 0.530754 0.672294 0.458167 0.427579 0.710317 0.466934 0.468579 0.689484 0.419419 0.382766 0.666667 0.662698 0.478437 0.670635 0.716270 0.407960 0.673611 0.691468 0.670635 0.719246 0.677579 0.666667 0.442327 0.483784 0.696429 0.680556 0.659722 0.440476 0.715278 0.298611 0.414830 0.713294 0.660714 0.343049 0.478175 0.709325 0.725198 0.736111 0.716270 0.653770 0.435294 0.657738 0.727183 0.422691 0.719246 0.453546 0.397015 0.717262 0.428380 0.390000
P24907__undef          0.662042 0.716551 0.697721 0.718533 0.460852 0.656095 0.688801 0.730426 0.504460 0.714569 0.718533 0.723489 0.732408 0.404361 0.711596 0.461843 0.679881 0.742319 0.433532 0.000000 0.722498 0.463826 0.405699 0.410082 0.721506 0.719524 0.410307 0.733399 0.728444 0.732408 0.659701 0.717542 0.718533 0.710605 0.723489 0.457879 0.732408 0.734390 0.673935 0.660059 0.664663 0.406250 0.487968 0.746417 0.662651 0.522727 0.522727 0.512718 0.518617 0.557478 0.507343 0.670251 0.382514 0.463946 0.435724 0.461126 0.496203 0.419137 0.409574 0.477064 0.410498 0.411051 0.417245 0.667543 0.398406 0.640468 0.418883 0.496774 0.495302 0.408482 0.418236 0.680052 0.430279 0.668616 0.472483 0.499332 0.486702 0.689384 0.658708 0.709518 0.783505 0.798701 0.425393 0.449086 0.510582 0.468057 0.475655 0.389000 0.697816 0.661051 0.530228 0.655412 0.442231 0.405352 0.727453 0.452906 0.457650 0.671952 0.454454 0.434870 0.662042 0.656095 0.487871 0.670961 0.713578 0.397015 0.670961 0.704658 0.676908 0.724480 0.664024 0.663033 0.458375 0.424324 0.698712 0.755203 0.659068 0.124876 0.725471 0.406746 0.375752 0.678890 0.650149 0.336323 0.463826 0.728444 0.716551 0.720515 0.730426 0.671952 0.437908 0.661051 0.730426 0.443775 0.725471 0.440559 0.392040 0.722498 0.420348 0.376667
YP_009227263__KT594769 0.739130 0.533607 0.488550 0.578755 0.740000 0.746860 0.785948 0.510656 0.735961 0.560531 0.487705 0.730528 0.493300 0.730237 0.565217 0.739766 0.766411 0.759180 0.740079 0.722498 0.000000 0.739255 0.743555 0.719346 0.347222 0.493300 0.738872 0.414216 0.575163 0.518791 0.752239 0.365196 0.479475 0.421569 0.496266 0.721519 0.352124 0.415033 0.756458 0.747851 0.765625 0.743207 0.717914 0.766262 0.740295 0.766043 0.729947 0.757697 0.751330 0.750309 0.753004 0.747909 0.747268 0.741497 0.738836 0.756032 0.759494 0.761456 0.748670 0.753604 0.745626 0.730458 0.732478 0.742444 0.747676 0.501672 0.747340 0.740645 0.732886 0.649554 0.731491 0.747409 0.754316 0.409357 0.739597 0.714286 0.740691 0.744430 0.758427 0.747837 0.766323 0.770563 0.675393 0.750653 0.718254 0.756193 0.724095 0.738000 0.338592 0.749012 0.727362 0.748759 0.737052 0.728797 0.420168 0.730461 0.737705 0.582155 0.754755 0.730461 0.738462 0.737705 0.727763 0.746169 0.350490 0.732338 0.740375 0.575786 0.744807 0.484029 0.751210 0.738281 0.727182 0.718919 0.580365 0.799020 0.734812 0.734390 0.747723 0.741071 0.739479 0.726214 0.731755 0.625561 0.733072 0.370915 0.525597 0.540249 0.545378 0.732655 0.722876 0.739258 0.497110 0.745984 0.402147 0.729271 0.730348 0.514356 0.708166 0.701667
ATA58242__MF385016.1   0.670949 0.695320 0.734479 0.713467 0.462273 0.661836 0.692455 0.728749 0.478818 0.724928 0.701051 0.704871 0.732569 0.448617 0.698185 0.507797 0.718243 0.659026 0.438492 0.463826 0.739255 0.000000 0.436906 0.410082 0.722063 0.705826 0.436202 0.704871 0.727794 0.701051 0.679602 0.701051 0.721108 0.713467 0.715377 0.517040 0.724928 0.726839 0.671442 0.682904 0.671875 0.436141 0.516043 0.734289 0.662651 0.494652 0.509358 0.489960 0.494681 0.531520 0.485981 0.670251 0.487705 0.482993 0.527740 0.502681 0.479747 0.455526 0.453457 0.499345 0.465680 0.463612 0.462981 0.651774 0.474104 0.633779 0.457447 0.538065 0.503356 0.426339 0.451135 0.694301 0.468792 0.654971 0.492617 0.547397 0.490691 0.682831 0.660112 0.697157 0.693013 0.705628 0.397906 0.389034 0.550265 0.551499 0.485643 0.468000 0.680825 0.687747 0.495079 0.667329 0.490040 0.431953 0.696275 0.489980 0.506831 0.704871 0.526527 0.496994 0.664423 0.659595 0.512129 0.681992 0.727794 0.452736 0.680158 0.683859 0.680514 0.702006 0.679574 0.651367 0.498495 0.532432 0.696275 0.667622 0.653809 0.476710 0.677173 0.477183 0.446894 0.702913 0.660750 0.369955 0.510304 0.693410 0.734479 0.723973 0.728749 0.647564 0.372549 0.647461 0.713467 0.503012 0.708691 0.479520 0.439801 0.721108 0.432396 0.415000
BBA93955__LC268990.1   0.658073 0.708277 0.702849 0.731343 0.446404 0.683853 0.746269 0.748982 0.522388 0.735414 0.701493 0.735414 0.715061 0.396201 0.728630 0.473541 0.747626 0.708277 0.432836 0.405699 0.743555 0.436906 0.000000 0.352861 0.734057 0.736771 0.413840 0.744912 0.713704 0.728630 0.671642 0.709634 0.735414 0.740841 0.725916 0.462687 0.731343 0.709634 0.658073 0.658073 0.662144 0.358696 0.478969 0.710991 0.671642 0.511533 0.506106 0.510176 0.515604 0.523745 0.511533 0.659430 0.387978 0.455782 0.462687 0.457259 0.434193 0.378562 0.426052 0.449118 0.393487 0.404342 0.421981 0.679783 0.390773 0.647157 0.412483 0.473541 0.474898 0.408482 0.421981 0.720488 0.421981 0.660819 0.449118 0.500678 0.481682 0.724559 0.672753 0.697422 0.683853 0.689281 0.404342 0.409769 0.502035 0.469471 0.465400 0.401628 0.762551 0.651289 0.523745 0.663501 0.464043 0.415197 0.724559 0.478969 0.448087 0.681140 0.466757 0.451832 0.681140 0.679783 0.484396 0.719132 0.738128 0.397558 0.674355 0.694708 0.666214 0.725916 0.662144 0.667571 0.446404 0.469471 0.709634 0.742198 0.679783 0.386703 0.734057 0.408412 0.360923 0.668928 0.670285 0.307175 0.458616 0.734057 0.728630 0.750339 0.738128 0.734057 0.400271 0.670285 0.710991 0.473541 0.734057 0.449118 0.390773 0.729986 0.485753 0.376667
BBA93953__LC268989.1   0.663488 0.728883 0.723433 0.728883 0.440054 0.664850 0.689373 0.743869 0.490463 0.723433 0.701635 0.673025 0.741144 0.403270 0.739782 0.478202 0.660763 0.686649 0.420981 0.410082 0.719346 0.410082 0.352861 0.000000 0.724796 0.693460 0.407357 0.728883 0.722071 0.720708 0.674387 0.732970 0.726158 0.722071 0.716621 0.470027 0.726158 0.717984 0.648501 0.664850 0.666213 0.382834 0.483651 0.688011 0.649864 0.485014 0.495913 0.487738 0.470027 0.486376 0.463215 0.663488 0.419399 0.430518 0.470027 0.440054 0.422343 0.381471 0.400545 0.445504 0.389646 0.410082 0.410082 0.726158 0.411444 0.662207 0.397820 0.468665 0.480926 0.397321 0.415531 0.670300 0.416894 0.658869 0.420981 0.501362 0.478202 0.664850 0.660112 0.664850 0.647139 0.727520 0.430518 0.380109 0.497275 0.486376 0.453678 0.397820 0.752044 0.666213 0.506812 0.658038 0.459128 0.391008 0.728883 0.457766 0.505464 0.698910 0.483651 0.444142 0.663488 0.667575 0.464578 0.656676 0.727520 0.412807 0.677112 0.681199 0.675749 0.722071 0.664850 0.644414 0.459128 0.467302 0.701635 0.723433 0.647139 0.414169 0.731608 0.407357 0.385559 0.652589 0.659401 0.329596 0.468665 0.722071 0.732970 0.743869 0.737057 0.730245 0.412807 0.643052 0.738420 0.509537 0.711172 0.460490 0.410082 0.720708 0.452316 0.380000
ATD86766__KY922726.1   0.751976 0.460656 0.521628 0.571429 0.725714 0.729469 0.776348 0.543443 0.718227 0.543947 0.465574 0.744852 0.524288 0.714427 0.542091 0.733918 0.754476 0.756618 0.714286 0.721506 0.347222 0.722063 0.734057 0.724796 0.000000 0.493300 0.713155 0.325563 0.483119 0.475884 0.749254 0.230707 0.444992 0.341660 0.482988 0.735151 0.022508 0.126316 0.745387 0.748806 0.758413 0.729620 0.740642 0.768467 0.729585 0.739305 0.750000 0.742972 0.732713 0.750309 0.735648 0.752688 0.744536 0.722449 0.745602 0.735925 0.721519 0.741240 0.726064 0.745740 0.749664 0.749326 0.700888 0.726675 0.735724 0.478261 0.724734 0.748387 0.724832 0.620536 0.692991 0.733161 0.734396 0.378168 0.735570 0.739653 0.732713 0.750983 0.741573 0.751545 0.747995 0.756494 0.696335 0.727154 0.743386 0.752282 0.719101 0.740000 0.141990 0.753953 0.726378 0.751738 0.726096 0.714004 0.348739 0.731463 0.748634 0.568021 0.747748 0.736473 0.725962 0.728062 0.737197 0.738506 0.274494 0.730348 0.741362 0.584366 0.744807 0.436527 0.731849 0.723633 0.720160 0.747297 0.670721 0.773312 0.725169 0.729435 0.740437 0.737103 0.732465 0.730097 0.740631 0.612108 0.733072 0.227569 0.544369 0.545228 0.576471 0.725254 0.692810 0.729492 0.536746 0.741968 0.327828 0.707293 0.730348 0.457752 0.690763 0.675000
ASW27076__MF678601.1   0.736166 0.443049 0.454623 0.556777 0.708571 0.717874 0.742044 0.524288 0.708374 0.501675 0.453099 0.731423 0.484087 0.690711 0.594820 0.730994 0.731458 0.725875 0.715278 0.719524 0.493300 0.705826 0.736771 0.693460 0.493300 0.000000 0.708210 0.458124 0.494975 0.456449 0.738308 0.470687 0.485762 0.525963 0.427973 0.733204 0.530988 0.540201 0.755535 0.749761 0.742788 0.726902 0.733957 0.759647 0.712182 0.715241 0.737968 0.729585 0.723404 0.745365 0.712951 0.731183 0.736339 0.718367 0.751015 0.741287 0.731646 0.754717 0.702128 0.739187 0.748318 0.737197 0.719645 0.705650 0.749004 0.454849 0.703457 0.760000 0.731544 0.631696 0.712734 0.721503 0.726428 0.352827 0.743624 0.740988 0.723404 0.723460 0.740169 0.720643 0.694158 0.731602 0.704188 0.707572 0.748677 0.752282 0.717853 0.731000 0.422330 0.752964 0.711614 0.742800 0.722112 0.717949 0.504202 0.721443 0.726776 0.563604 0.754755 0.714429 0.718269 0.710704 0.738544 0.726054 0.547739 0.727363 0.748272 0.527169 0.745796 0.407873 0.750242 0.709961 0.718154 0.748649 0.583840 0.769682 0.707811 0.722498 0.732240 0.733135 0.706413 0.725243 0.725838 0.607623 0.725221 0.519263 0.481229 0.519263 0.574790 0.700278 0.705882 0.710938 0.537688 0.718876 0.494137 0.711289 0.731343 0.475712 0.681392 0.686667
YP_009388514__KY965444 0.679525 0.721068 0.728981 0.726014 0.436202 0.663699 0.706231 0.738872 0.470821 0.733927 0.726014 0.713155 0.736894 0.419387 0.726014 0.473788 0.685460 0.676558 0.431548 0.410307 0.738872 0.436202 0.413840 0.407357 0.713155 0.708210 0.000000 0.724036 0.727992 0.716123 0.682587 0.734916 0.731949 0.731949 0.718101 0.529179 0.726014 0.726014 0.680514 0.682493 0.693510 0.427989 0.500000 0.767365 0.668005 0.497326 0.500000 0.504685 0.493351 0.537701 0.488652 0.696535 0.435792 0.434014 0.504736 0.491957 0.494937 0.420485 0.445479 0.488860 0.433378 0.440701 0.436202 0.670171 0.459495 0.652174 0.434840 0.527742 0.488591 0.381696 0.435213 0.698187 0.447543 0.676413 0.475168 0.527370 0.527926 0.695937 0.679775 0.711990 0.728522 0.754329 0.458115 0.449086 0.576720 0.521512 0.469413 0.440000 0.692961 0.695351 0.523244 0.681231 0.429283 0.425321 0.784372 0.463928 0.527322 0.689416 0.505506 0.481964 0.663699 0.663699 0.490566 0.694362 0.727003 0.469652 0.698318 0.695351 0.676558 0.725025 0.685460 0.657765 0.447342 0.491892 0.705242 0.746785 0.656775 0.412289 0.714144 0.433532 0.411824 0.722057 0.658754 0.365471 0.532146 0.731949 0.737883 0.798220 0.735905 0.697329 0.552941 0.658754 0.735905 0.496988 0.737883 0.443556 0.470647 0.737883 0.425703 0.391667
YP_009361907__KY385637 0.739130 0.454098 0.547922 0.563187 0.722857 0.733333 0.771521 0.548361 0.718227 0.509950 0.468033 0.731423 0.527638 0.713439 0.541166 0.736842 0.737425 0.717336 0.722222 0.733399 0.414216 0.704871 0.744912 0.728883 0.325563 0.458124 0.724036 0.000000 0.464000 0.456574 0.753234 0.321857 0.532841 0.245770 0.485477 0.729309 0.338645 0.340891 0.745387 0.752627 0.764423 0.733696 0.751337 0.758545 0.736278 0.741979 0.751337 0.738956 0.735372 0.750309 0.738318 0.749104 0.744536 0.734694 0.768606 0.747989 0.753165 0.762803 0.731383 0.757536 0.759085 0.761456 0.721619 0.725361 0.725100 0.466555 0.731383 0.775484 0.731544 0.642857 0.716683 0.726684 0.747676 0.403509 0.730201 0.750334 0.723404 0.732634 0.724719 0.737948 0.713631 0.737013 0.705497 0.737598 0.746032 0.769231 0.706617 0.749000 0.305825 0.751976 0.731299 0.747766 0.736056 0.711045 0.381513 0.712425 0.765027 0.574205 0.748749 0.741483 0.729808 0.730955 0.723720 0.733716 0.360324 0.729353 0.740375 0.581506 0.734916 0.433251 0.744434 0.718750 0.734203 0.772973 0.596872 0.777689 0.719383 0.730426 0.735883 0.742063 0.740481 0.731068 0.730769 0.634529 0.738960 0.309951 0.541809 0.492946 0.534454 0.707678 0.699346 0.724609 0.522709 0.735944 0.354253 0.728272 0.732338 0.451189 0.690763 0.685000
YP_009352938__KX589235 0.735178 0.536885 0.497031 0.598901 0.740000 0.735266 0.773130 0.396721 0.724138 0.444444 0.536066 0.735900 0.505025 0.724308 0.574468 0.738791 0.752771 0.742101 0.734127 0.728444 0.575163 0.727794 0.713704 0.722071 0.483119 0.494975 0.727992 0.464000 0.000000 0.542400 0.746269 0.510809 0.417898 0.513296 0.472199 0.740993 0.524000 0.528745 0.729705 0.744986 0.735577 0.726902 0.729947 0.772878 0.722892 0.739305 0.737968 0.732262 0.715426 0.729295 0.731642 0.714456 0.737705 0.737415 0.742896 0.726542 0.753165 0.738544 0.731383 0.739187 0.741588 0.746631 0.725568 0.716163 0.738380 0.458194 0.704787 0.756129 0.731544 0.658482 0.726555 0.726684 0.742364 0.358674 0.740940 0.734312 0.731383 0.731324 0.738764 0.731768 0.731959 0.744589 0.702880 0.733681 0.734127 0.756193 0.729089 0.733000 0.450243 0.762846 0.726378 0.743793 0.738048 0.717949 0.516807 0.732465 0.762295 0.602473 0.759760 0.731463 0.723077 0.725169 0.741240 0.745211 0.531984 0.741294 0.745311 0.583413 0.753709 0.447993 0.747338 0.729492 0.723170 0.748649 0.662902 0.786400 0.733848 0.725471 0.742259 0.740079 0.738477 0.734951 0.715976 0.621076 0.741904 0.508972 0.546928 0.400000 0.389076 0.724329 0.712418 0.727539 0.381503 0.748996 0.548307 0.737263 0.735323 0.426579 0.700134 0.663333
APO15885__KU936049.1   0.745059 0.419672 0.553859 0.639194 0.727619 0.728502 0.759453 0.541803 0.714286 0.490879 0.422951 0.737690 0.515075 0.708498 0.641998 0.731969 0.733163 0.725875 0.715278 0.732408 0.518791 0.701051 0.728630 0.720708 0.475884 0.456449 0.716123 0.456574 0.542400 0.000000 0.750249 0.540432 0.464696 0.502015 0.523651 0.726388 0.513535 0.548178 0.740775 0.747851 0.752404 0.722826 0.735294 0.777288 0.717537 0.731283 0.736631 0.732262 0.727394 0.745365 0.731642 0.714456 0.741803 0.712925 0.752368 0.739946 0.744304 0.747978 0.716755 0.735256 0.749664 0.743935 0.718657 0.722733 0.741036 0.466555 0.722074 0.753548 0.728859 0.629464 0.713722 0.734456 0.726428 0.364522 0.732886 0.738318 0.732713 0.737877 0.740169 0.726823 0.737686 0.720779 0.708115 0.721932 0.743386 0.750978 0.716604 0.737000 0.418689 0.754941 0.718504 0.745780 0.730080 0.691321 0.543697 0.720441 0.750000 0.598057 0.752753 0.736473 0.726923 0.728062 0.737197 0.747126 0.529555 0.735323 0.753208 0.544328 0.754698 0.372645 0.745402 0.717773 0.717151 0.762162 0.647263 0.775478 0.719383 0.732408 0.736794 0.739087 0.734469 0.728155 0.733728 0.600897 0.729146 0.490212 0.535836 0.572614 0.624370 0.710453 0.690196 0.713867 0.558216 0.733936 0.499587 0.728272 0.733333 0.465956 0.688086 0.676667
YP_009344882__KY355735 0.503483 0.736318 0.735323 0.726368 0.679602 0.578109 0.698507 0.747264 0.680597 0.749254 0.734328 0.591045 0.733333 0.663682 0.742289 0.659701 0.675622 0.627861 0.686567 0.659701 0.752239 0.679602 0.671642 0.674387 0.749254 0.738308 0.682587 0.753234 0.746269 0.750249 0.000000 0.766169 0.728358 0.752239 0.736318 0.652736 0.757214 0.759204 0.630846 0.625871 0.663462 0.656250 0.668449 0.705623 0.709505 0.695187 0.689840 0.697456 0.687500 0.709518 0.691589 0.660693 0.635246 0.672109 0.667118 0.670241 0.697468 0.673854 0.682181 0.673657 0.651413 0.684636 0.665672 0.642576 0.675963 0.678930 0.676862 0.665806 0.687248 0.613839 0.664677 0.642487 0.679947 0.674464 0.672483 0.655541 0.684840 0.633028 0.615169 0.682324 0.762887 0.762987 0.734293 0.686684 0.661376 0.663625 0.681648 0.672000 0.728155 0.511443 0.675622 0.529353 0.654382 0.667662 0.744279 0.663327 0.677596 0.724378 0.685686 0.667335 0.660697 0.659701 0.676550 0.664677 0.749254 0.651741 0.502488 0.717413 0.498507 0.734328 0.636816 0.592040 0.657974 0.667568 0.736318 0.678607 0.653731 0.663682 0.661692 0.686567 0.646293 0.645771 0.477612 0.562780 0.660697 0.758209 0.741294 0.743284 0.757214 0.657711 0.686275 0.582090 0.755224 0.671687 0.747264 0.659341 0.661692 0.742289 0.631861 0.631667
