94
400261362 0.000000 0.872372 0.897924 0.823853 0.870871 0.229748 0.845486 0.807339 0.890789 0.835211 0.884384 0.848958 0.846479 0.820202 0.898684 0.882883 0.897924 0.896053 0.897924 0.835244 0.885886 0.884384 0.836842 0.887387 0.885886 0.845486 0.867133 0.784906 0.231076 0.808664 0.811009 0.890789 0.890789 0.884384 0.806985 0.872372 0.896053 0.885886 0.885886 0.879880 0.881381 0.897747 0.897368 0.872372 0.896194 0.873874 0.884384 0.898684 0.872372 0.287798 0.789963 0.893421 0.660526 0.824779 0.890789 0.897368 0.809174 0.898684 0.892105 0.724963 0.891429 0.896053 0.821168 0.851449 0.884384 0.847222 0.876877 0.897368 0.897368 0.887387 0.747204 0.884384 0.287798 0.897368 0.892934 0.753846 0.885886 0.258667 0.872372 0.897368 0.906736 0.778612 0.228723 0.882883 0.839789 0.803109 0.885886 0.848958 0.884384 0.779070 0.899654 0.884384 0.904844 0.885886
726965490 0.872372 0.000000 0.866782 0.871560 0.022523 0.891892 0.869792 0.875229 0.818318 0.879880 0.019520 0.873264 0.902402 0.882828 0.815315 0.016517 0.866782 0.816817 0.870242 0.885886 0.022523 0.033033 0.869369 0.021021 0.019520 0.873264 0.067599 0.869811 0.893393 0.880866 0.871560 0.021021 0.034535 0.022523 0.863971 0.027027 0.818318 0.025526 0.024024 0.031532 0.031532 0.871750 0.815315 0.030030 0.868512 0.025526 0.021021 0.815315 0.028529 0.884384 0.871747 0.818318 0.873874 0.877876 0.809309 0.816817 0.867890 0.813814 0.819820 0.887387 0.028571 0.818318 0.863139 0.896739 0.009009 0.866319 0.075075 0.810811 0.815315 0.024024 0.863535 0.013514 0.882883 0.809309 0.179872 0.885714 0.024024 0.888889 0.007508 0.815315 0.867012 0.868668 0.876877 0.028529 0.897887 0.868739 0.021021 0.873264 0.078078 0.845930 0.868512 0.021021 0.865052 0.027027
301133810 0.897924 0.866782 0.000000 0.897248 0.866782 0.901384 0.901042 0.895413 0.892734 0.870242 0.865052 0.901042 0.868512 0.892929 0.877163 0.863322 0.017301 0.884083 0.051903 0.892734 0.863322 0.865052 0.904844 0.870242 0.865052 0.901042 0.855478 0.883019 0.901384 0.902527 0.895413 0.863322 0.859862 0.865052 0.904412 0.866782 0.878893 0.865052 0.863322 0.865052 0.866782 0.074523 0.878893 0.866782 0.017301 0.866782 0.863322 0.878893 0.866782 0.904844 0.908922 0.878893 0.889273 0.888496 0.896194 0.877163 0.904587 0.875433 0.880623 0.896194 0.885714 0.877163 0.892336 0.889493 0.866782 0.901042 0.868512 0.892734 0.877163 0.865052 0.876957 0.866782 0.901384 0.892734 0.907923 0.901099 0.865052 0.892734 0.865052 0.880623 0.081315 0.894934 0.908304 0.866782 0.876761 0.889273 0.865052 0.901042 0.865052 0.883721 0.055363 0.863322 0.081315 0.865052
389617268 0.823853 0.871560 0.897248 0.000000 0.873394 0.814679 0.757798 0.115596 0.891743 0.757798 0.875229 0.757798 0.759633 0.836364 0.891743 0.875229 0.904587 0.895413 0.906422 0.768807 0.875229 0.873394 0.761468 0.873394 0.875229 0.757798 0.874126 0.739623 0.807339 0.122936 0.097248 0.873394 0.875229 0.875229 0.130515 0.873394 0.891743 0.875229 0.871560 0.878899 0.875229 0.904587 0.891743 0.873394 0.899083 0.873394 0.875229 0.886239 0.875229 0.805505 0.724907 0.897248 0.788991 0.735780 0.888073 0.891743 0.121101 0.886239 0.891743 0.787156 0.897143 0.889908 0.530275 0.770642 0.873394 0.757798 0.873394 0.888073 0.888073 0.877064 0.729306 0.875229 0.805505 0.884404 0.882227 0.898901 0.875229 0.811009 0.873394 0.884404 0.893578 0.757974 0.811009 0.873394 0.785321 0.719266 0.875229 0.757798 0.877064 0.607558 0.904587 0.875229 0.891743 0.871560
283139266 0.870871 0.022523 0.866782 0.873394 0.000000 0.888889 0.876736 0.882569 0.819820 0.887387 0.028529 0.875000 0.881381 0.882828 0.815315 0.025526 0.866782 0.816817 0.870242 0.888889 0.031532 0.043544 0.885886 0.033033 0.028529 0.878472 0.072261 0.869811 0.894895 0.879061 0.873394 0.030030 0.045045 0.031532 0.865809 0.037538 0.818318 0.034535 0.033033 0.040541 0.040541 0.870017 0.815315 0.040541 0.868512 0.036036 0.030030 0.815315 0.039039 0.884384 0.873606 0.816817 0.875375 0.879646 0.810811 0.816817 0.869725 0.813814 0.818318 0.885886 0.034286 0.815315 0.863139 0.880435 0.019520 0.864583 0.082583 0.812312 0.815315 0.033033 0.856823 0.024024 0.882883 0.815315 0.182013 0.881319 0.033033 0.884384 0.021021 0.815315 0.868739 0.868668 0.876877 0.039039 0.892606 0.867012 0.030030 0.878472 0.078078 0.845930 0.870242 0.030030 0.868512 0.036036
399221035 0.229748 0.891892 0.901384 0.814679 0.888889 0.000000 0.840278 0.803670 0.877822 0.839437 0.891892 0.840278 0.842254 0.826263 0.903054 0.891892 0.901384 0.884462 0.910035 0.839542 0.893393 0.893393 0.840637 0.893393 0.891892 0.840278 0.857809 0.784906 0.082337 0.810469 0.807339 0.877822 0.883134 0.891892 0.805147 0.881381 0.901726 0.893393 0.891892 0.891892 0.891892 0.906412 0.888446 0.881381 0.901384 0.881381 0.890390 0.903054 0.881381 0.204515 0.819703 0.883134 0.652058 0.808850 0.880478 0.885790 0.807339 0.887118 0.883134 0.717489 0.891429 0.884462 0.812044 0.829710 0.891892 0.840278 0.882883 0.880478 0.888446 0.893393 0.749441 0.891892 0.204515 0.884462 0.892934 0.716484 0.891892 0.161333 0.893393 0.888446 0.906736 0.776735 0.079787 0.879880 0.832746 0.796200 0.891892 0.840278 0.887387 0.776163 0.903114 0.890390 0.904844 0.891892
514054828 0.845486 0.869792 0.901042 0.757798 0.876736 0.840278 0.000000 0.759633 0.895833 0.833333 0.875000 0.001736 0.838542 0.844444 0.899306 0.866319 0.890625 0.899306 0.885417 0.842014 0.875000 0.875000 0.840278 0.871528 0.875000 0.005208 0.869464 0.809434 0.852431 0.768953 0.761468 0.871528 0.871528 0.871528 0.770221 0.871528 0.899306 0.875000 0.871528 0.875000 0.876736 0.901042 0.897569 0.875000 0.883681 0.871528 0.871528 0.897569 0.871528 0.850694 0.775093 0.899306 0.843750 0.810619 0.888889 0.901042 0.765138 0.897569 0.895833 0.842014 0.904762 0.897569 0.766423 0.599638 0.871528 0.005208 0.878472 0.887153 0.897569 0.876736 0.780761 0.868056 0.850694 0.892361 0.895075 0.885714 0.875000 0.848958 0.868056 0.899306 0.881944 0.814259 0.842014 0.871528 0.647887 0.793403 0.875000 0.003472 0.873264 0.758721 0.885417 0.875000 0.880208 0.871528
257677    0.807339 0.875229 0.895413 0.115596 0.882569 0.803670 0.759633 0.000000 0.889908 0.755963 0.875229 0.759633 0.754128 0.832323 0.884404 0.873394 0.895413 0.893578 0.895413 0.757798 0.882569 0.878899 0.754128 0.880734 0.880734 0.759633 0.874126 0.739623 0.805505 0.023853 0.060550 0.880734 0.880734 0.877064 0.075368 0.882569 0.878899 0.878899 0.880734 0.884404 0.878899 0.899083 0.884404 0.882569 0.897248 0.882569 0.875229 0.884404 0.880734 0.790826 0.723048 0.875229 0.788991 0.732110 0.882569 0.884404 0.071560 0.884404 0.878899 0.785321 0.897143 0.877064 0.517431 0.779817 0.880734 0.759633 0.884404 0.884404 0.884404 0.884404 0.736018 0.873394 0.790826 0.875229 0.884368 0.885714 0.875229 0.803670 0.875229 0.884404 0.891743 0.733583 0.798165 0.880734 0.777982 0.721101 0.880734 0.759633 0.873394 0.590116 0.897248 0.880734 0.891743 0.880734
210148195 0.890789 0.818318 0.892734 0.891743 0.819820 0.877822 0.895833 0.889908 0.000000 0.880282 0.818318 0.895833 0.880282 0.890909 0.032870 0.818318 0.885813 0.173198 0.896194 0.882521 0.818318 0.818318 0.885678 0.818318 0.818318 0.895833 0.773893 0.875472 0.887118 0.895307 0.884404 0.829427 0.830729 0.819820 0.884191 0.816817 0.037927 0.819820 0.818318 0.824324 0.815315 0.885615 0.034134 0.815315 0.884083 0.818318 0.819820 0.032870 0.816817 0.891247 0.895911 0.061249 0.889032 0.886726 0.248447 0.031606 0.899083 0.035398 0.057715 0.890882 0.824762 0.103405 0.866788 0.884058 0.819820 0.895833 0.821321 0.235443 0.036662 0.821321 0.872483 0.818318 0.891247 0.235443 0.843683 0.883516 0.821321 0.884000 0.819820 0.048040 0.892919 0.889306 0.890957 0.816817 0.889085 0.875648 0.818318 0.895833 0.822823 0.831395 0.884083 0.818318 0.887543 0.818318
204324151 0.835211 0.879880 0.870242 0.757798 0.887387 0.839437 0.833333 0.755963 0.880282 0.000000 0.900901 0.833333 0.032394 0.820202 0.901408 0.879880 0.870242 0.877465 0.873702 0.710602 0.908408 0.909910 0.701408 0.884384 0.879880 0.833333 0.855478 0.764151 0.843662 0.759928 0.752294 0.881690 0.885915 0.881381 0.757353 0.885886 0.880282 0.879880 0.884384 0.902402 0.881381 0.875217 0.900000 0.884384 0.868512 0.885886 0.906907 0.901408 0.887387 0.829577 0.715613 0.880282 0.819718 0.722124 0.874648 0.901408 0.763303 0.892958 0.880282 0.834081 0.891429 0.878873 0.755474 0.791667 0.908408 0.835069 0.882883 0.876056 0.902817 0.902402 0.731544 0.884384 0.829577 0.876056 0.888651 0.890110 0.902402 0.828169 0.878378 0.900000 0.875648 0.774859 0.829577 0.885886 0.786972 0.721934 0.906907 0.833333 0.885886 0.706395 0.873702 0.908408 0.877163 0.909910
672351302 0.884384 0.019520 0.865052 0.875229 0.028529 0.891892 0.875000 0.875229 0.818318 0.900901 0.000000 0.876736 0.902402 0.888889 0.815315 0.009009 0.865052 0.815315 0.868512 0.887387 0.006006 0.015015 0.885886 0.031532 0.003003 0.876736 0.069930 0.871698 0.896396 0.879061 0.873394 0.007508 0.042042 0.007508 0.865809 0.034535 0.818318 0.009009 0.007508 0.015015 0.015015 0.871750 0.815315 0.037538 0.866782 0.033033 0.004505 0.815315 0.036036 0.884384 0.871747 0.818318 0.872372 0.876106 0.809309 0.816817 0.875229 0.813814 0.819820 0.885886 0.007619 0.813814 0.866788 0.893116 0.013514 0.875000 0.081081 0.809309 0.815315 0.007508 0.859060 0.013514 0.882883 0.809309 0.169165 0.887912 0.007508 0.887387 0.018018 0.815315 0.868739 0.868668 0.879880 0.036036 0.897887 0.868739 0.004505 0.876736 0.081081 0.854651 0.868512 0.004505 0.866782 0.010511
514054822 0.848958 0.873264 0.901042 0.757798 0.875000 0.840278 0.001736 0.759633 0.895833 0.833333 0.876736 0.000000 0.838542 0.844444 0.899306 0.868056 0.883681 0.901042 0.885417 0.838542 0.876736 0.878472 0.840278 0.869792 0.873264 0.003472 0.871795 0.809434 0.852431 0.768953 0.761468 0.873264 0.873264 0.871528 0.770221 0.876736 0.899306 0.873264 0.873264 0.873264 0.873264 0.901042 0.897569 0.876736 0.883681 0.869792 0.876736 0.897569 0.876736 0.850694 0.775093 0.895833 0.843750 0.810619 0.888889 0.901042 0.765138 0.897569 0.895833 0.843750 0.904762 0.895833 0.766423 0.599638 0.869792 0.006944 0.878472 0.888889 0.897569 0.878472 0.785235 0.871528 0.852431 0.892361 0.895075 0.885714 0.875000 0.848958 0.873264 0.897569 0.881944 0.814259 0.840278 0.876736 0.647887 0.791667 0.876736 0.001736 0.875000 0.755814 0.892361 0.876736 0.880208 0.873264
195764992 0.846479 0.902402 0.868512 0.759633 0.881381 0.842254 0.838542 0.754128 0.880282 0.032394 0.902402 0.838542 0.000000 0.822222 0.902817 0.882883 0.880623 0.877465 0.885813 0.707736 0.906907 0.882883 0.708451 0.902402 0.906907 0.838542 0.855478 0.762264 0.839437 0.756318 0.748624 0.878873 0.881690 0.882883 0.753676 0.902402 0.881690 0.884384 0.902402 0.899399 0.885886 0.885615 0.901408 0.900901 0.878893 0.905405 0.906907 0.902817 0.902402 0.829577 0.715613 0.878873 0.814085 0.722124 0.873239 0.902817 0.766972 0.901408 0.880282 0.832586 0.891429 0.876056 0.759124 0.791667 0.902402 0.852431 0.881381 0.870423 0.904225 0.884384 0.731544 0.906907 0.829577 0.877465 0.892934 0.896703 0.906907 0.823944 0.902402 0.880282 0.879102 0.774859 0.826761 0.902402 0.785211 0.720207 0.905405 0.838542 0.905405 0.706395 0.885813 0.902402 0.887543 0.906907
545698346 0.820202 0.882828 0.892929 0.836364 0.882828 0.826263 0.844444 0.832323 0.890909 0.820202 0.888889 0.844444 0.822222 0.000000 0.890909 0.876768 0.892929 0.880808 0.892929 0.838384 0.878788 0.892929 0.838384 0.880808 0.888889 0.846465 0.888112 0.826263 0.840404 0.832323 0.832323 0.892929 0.880808 0.888889 0.834343 0.880808 0.888889 0.886869 0.888889 0.888889 0.882828 0.884848 0.890909 0.878788 0.890909 0.880808 0.882828 0.890909 0.880808 0.830303 0.832323 0.888889 0.832323 0.802020 0.886869 0.890909 0.830303 0.890909 0.888889 0.832323 0.896970 0.884848 0.826263 0.836364 0.880808 0.846465 0.880808 0.888889 0.890909 0.878788 0.794183 0.888889 0.828283 0.890909 0.888651 0.894505 0.878788 0.822222 0.886869 0.892929 0.890909 0.832323 0.820202 0.882828 0.820202 0.800000 0.888889 0.844444 0.878788 0.813953 0.892929 0.888889 0.896970 0.878788
156766509 0.898684 0.815315 0.877163 0.891743 0.815315 0.903054 0.899306 0.884404 0.032870 0.901408 0.815315 0.899306 0.902817 0.890909 0.000000 0.816817 0.878893 0.164349 0.877163 0.885387 0.816817 0.816817 0.898862 0.815315 0.816817 0.897569 0.771562 0.877358 0.895086 0.891697 0.882569 0.830729 0.832031 0.818318 0.884191 0.815315 0.015171 0.816817 0.816817 0.822823 0.813814 0.887348 0.002528 0.813814 0.877163 0.815315 0.818318 0.001264 0.815315 0.903183 0.881041 0.056890 0.901935 0.886726 0.233881 0.002528 0.888073 0.005057 0.053097 0.871450 0.822857 0.101138 0.861314 0.885870 0.816817 0.899306 0.818318 0.229114 0.003793 0.819820 0.872483 0.816817 0.901857 0.229114 0.843683 0.885714 0.819820 0.884000 0.816817 0.015171 0.891192 0.896811 0.904255 0.815315 0.883803 0.894646 0.816817 0.899306 0.821321 0.837209 0.878893 0.816817 0.889273 0.818318
726965478 0.882883 0.016517 0.863322 0.875229 0.025526 0.891892 0.866319 0.873394 0.818318 0.879880 0.009009 0.868056 0.882883 0.876768 0.816817 0.000000 0.863322 0.816817 0.868512 0.888889 0.009009 0.021021 0.878378 0.028529 0.006006 0.868056 0.067599 0.867925 0.896396 0.871841 0.873394 0.010511 0.042042 0.009009 0.867647 0.034535 0.818318 0.012012 0.010511 0.018018 0.018018 0.870017 0.816817 0.037538 0.865052 0.033033 0.007508 0.816817 0.036036 0.882883 0.871747 0.818318 0.873874 0.876106 0.809309 0.816817 0.871560 0.815315 0.819820 0.884384 0.011429 0.818318 0.863139 0.900362 0.010511 0.866319 0.081081 0.810811 0.816817 0.010511 0.859060 0.006006 0.881381 0.809309 0.162741 0.890110 0.010511 0.885886 0.015015 0.816817 0.868739 0.868668 0.876877 0.036036 0.892606 0.884283 0.007508 0.868056 0.075075 0.854651 0.868512 0.007508 0.866782 0.013514
164520995 0.897924 0.866782 0.017301 0.904587 0.866782 0.901384 0.890625 0.895413 0.885813 0.870242 0.865052 0.883681 0.880623 0.892929 0.878893 0.863322 0.000000 0.884083 0.048443 0.891003 0.865052 0.865052 0.896194 0.868512 0.865052 0.890625 0.855478 0.883019 0.896194 0.902527 0.904587 0.863322 0.859862 0.865052 0.902574 0.868512 0.880623 0.865052 0.865052 0.865052 0.866782 0.067591 0.878893 0.868512 0.006920 0.868512 0.865052 0.878893 0.868512 0.906574 0.907063 0.880623 0.892734 0.890265 0.896194 0.885813 0.899083 0.877163 0.880623 0.889273 0.885714 0.880623 0.881387 0.891304 0.866782 0.890625 0.866782 0.889273 0.878893 0.865052 0.879195 0.866782 0.903114 0.889273 0.905782 0.887912 0.865052 0.894464 0.866782 0.877163 0.077855 0.896811 0.904844 0.866782 0.876761 0.889273 0.865052 0.890625 0.865052 0.875000 0.051903 0.865052 0.076125 0.866782
753220758 0.896053 0.816817 0.884083 0.895413 0.816817 0.884462 0.899306 0.893578 0.173198 0.877465 0.815315 0.901042 0.877465 0.880808 0.164349 0.816817 0.884083 0.000000 0.882353 0.893983 0.819820 0.818318 0.897598 0.815315 0.818318 0.897569 0.773893 0.873585 0.893758 0.880866 0.893578 0.828125 0.830729 0.818318 0.880515 0.815315 0.166877 0.816817 0.818318 0.824324 0.819820 0.889081 0.166877 0.815315 0.882353 0.815315 0.818318 0.165613 0.815315 0.897878 0.888476 0.175727 0.896774 0.888496 0.236410 0.161820 0.891743 0.166877 0.168142 0.887892 0.826667 0.164349 0.864964 0.880435 0.815315 0.901042 0.807808 0.234177 0.168142 0.821321 0.870246 0.816817 0.897878 0.232911 0.839400 0.883516 0.819820 0.886667 0.815315 0.175727 0.887737 0.885553 0.894947 0.815315 0.885563 0.873921 0.818318 0.897569 0.816817 0.857558 0.882353 0.818318 0.894464 0.821321
166064279 0.897924 0.870242 0.051903 0.906422 0.870242 0.910035 0.885417 0.895413 0.896194 0.873702 0.868512 0.885417 0.885813 0.892929 0.877163 0.868512 0.048443 0.882353 0.000000 0.906574 0.868512 0.871972 0.899654 0.871972 0.868512 0.885417 0.855478 0.883019 0.899654 0.900722 0.897248 0.868512 0.870242 0.868512 0.909926 0.870242 0.885813 0.866782 0.868512 0.868512 0.870242 0.081456 0.877163 0.870242 0.048443 0.870242 0.868512 0.877163 0.870242 0.903114 0.908922 0.877163 0.892734 0.890265 0.892734 0.877163 0.895413 0.875433 0.878893 0.903114 0.887619 0.878893 0.888686 0.894928 0.870242 0.885417 0.871972 0.892734 0.877163 0.868512 0.883669 0.870242 0.903114 0.891003 0.905782 0.894505 0.868512 0.894464 0.870242 0.878893 0.083045 0.896811 0.903114 0.870242 0.883803 0.894464 0.868512 0.890625 0.866782 0.883721 0.022491 0.866782 0.081315 0.868512
27435584  0.835244 0.885886 0.892734 0.768807 0.888889 0.839542 0.842014 0.757798 0.882521 0.710602 0.887387 0.838542 0.707736 0.838384 0.885387 0.888889 0.891003 0.893983 0.906574 0.000000 0.885886 0.885886 0.020057 0.887387 0.887387 0.840278 0.871795 0.798113 0.852436 0.761733 0.759633 0.888252 0.885387 0.887387 0.768382 0.887387 0.885387 0.902402 0.885886 0.885886 0.885886 0.906412 0.886819 0.885886 0.892734 0.887387 0.887387 0.886819 0.896396 0.842407 0.747212 0.883954 0.848138 0.743363 0.888252 0.885387 0.759633 0.889685 0.882521 0.817638 0.897143 0.891117 0.788321 0.836957 0.890390 0.842014 0.887387 0.889685 0.885387 0.885886 0.744966 0.887387 0.842407 0.891117 0.895075 0.892308 0.884384 0.849570 0.888889 0.883954 0.899827 0.782364 0.848138 0.887387 0.820423 0.737478 0.887387 0.842014 0.890390 0.729651 0.896194 0.885886 0.891003 0.884384
149287217 0.885886 0.022523 0.863322 0.875229 0.031532 0.893393 0.875000 0.882569 0.818318 0.908408 0.006006 0.876736 0.906907 0.878788 0.816817 0.009009 0.865052 0.819820 0.868512 0.885886 0.000000 0.018018 0.885886 0.034535 0.003003 0.876736 0.072261 0.871698 0.897898 0.879061 0.880734 0.007508 0.045045 0.007508 0.865809 0.037538 0.818318 0.009009 0.007508 0.015015 0.015015 0.871750 0.816817 0.040541 0.866782 0.036036 0.004505 0.816817 0.039039 0.884384 0.873606 0.819820 0.869369 0.877876 0.812312 0.816817 0.860550 0.815315 0.819820 0.885886 0.007619 0.819820 0.863139 0.884058 0.016517 0.871528 0.084084 0.812312 0.816817 0.007508 0.859060 0.013514 0.882883 0.812312 0.171306 0.890110 0.007508 0.887387 0.021021 0.816817 0.868739 0.868668 0.878378 0.039039 0.896127 0.867012 0.004505 0.876736 0.081081 0.854651 0.868512 0.004505 0.866782 0.010511
544446249 0.884384 0.033033 0.865052 0.873394 0.043544 0.893393 0.875000 0.878899 0.818318 0.909910 0.015015 0.878472 0.882883 0.892929 0.816817 0.021021 0.865052 0.818318 0.871972 0.885886 0.018018 0.000000 0.887387 0.046547 0.015015 0.878472 0.079254 0.871698 0.893393 0.884477 0.877064 0.019520 0.057057 0.016517 0.869485 0.049550 0.818318 0.021021 0.019520 0.027027 0.024024 0.870017 0.816817 0.052553 0.866782 0.048048 0.016517 0.816817 0.051051 0.885886 0.873606 0.819820 0.872372 0.890265 0.812312 0.816817 0.877064 0.815315 0.821321 0.885886 0.020952 0.819820 0.864964 0.893116 0.028529 0.876736 0.096096 0.812312 0.816817 0.016517 0.863535 0.025526 0.884384 0.812312 0.182013 0.890110 0.013514 0.885886 0.033033 0.816817 0.870466 0.868668 0.879880 0.051051 0.899648 0.872193 0.016517 0.878472 0.091592 0.851744 0.871972 0.016517 0.870242 0.019520
944382763 0.836842 0.869369 0.904844 0.761468 0.885886 0.840637 0.840278 0.754128 0.885678 0.701408 0.885886 0.840278 0.708451 0.838384 0.898862 0.878378 0.896194 0.897598 0.899654 0.020057 0.885886 0.887387 0.000000 0.885886 0.885886 0.840278 0.871795 0.792453 0.851262 0.758123 0.754128 0.893229 0.890625 0.867868 0.751838 0.881381 0.896334 0.887387 0.885886 0.887387 0.884384 0.889081 0.898862 0.881381 0.897924 0.884384 0.885886 0.898862 0.882883 0.846154 0.750929 0.885678 0.854194 0.736283 0.890704 0.898862 0.755963 0.905183 0.885678 0.814649 0.889524 0.899117 0.790146 0.835145 0.869369 0.840278 0.903904 0.896203 0.896334 0.887387 0.751678 0.869369 0.846154 0.892405 0.888651 0.887912 0.885886 0.850667 0.869369 0.897598 0.906736 0.784240 0.843085 0.872372 0.816901 0.734024 0.885886 0.840278 0.891892 0.735465 0.903114 0.885886 0.887543 0.885886
38260410  0.887387 0.021021 0.870242 0.873394 0.033033 0.893393 0.871528 0.880734 0.818318 0.884384 0.031532 0.869792 0.902402 0.880808 0.815315 0.028529 0.868512 0.815315 0.871972 0.887387 0.034535 0.046547 0.885886 0.000000 0.031532 0.873264 0.065268 0.866038 0.893393 0.877256 0.873394 0.031532 0.018018 0.034535 0.869485 0.010511 0.818318 0.037538 0.036036 0.039039 0.043544 0.870017 0.815315 0.013514 0.870242 0.009009 0.033033 0.815315 0.013514 0.885886 0.864312 0.818318 0.873874 0.876106 0.810811 0.816817 0.867890 0.813814 0.819820 0.884384 0.041905 0.815315 0.864964 0.894928 0.021021 0.871528 0.060060 0.810811 0.815315 0.036036 0.863535 0.025526 0.885886 0.813814 0.184154 0.885714 0.036036 0.887387 0.019520 0.815315 0.867012 0.868668 0.885886 0.012012 0.894366 0.870466 0.033033 0.869792 0.082583 0.854651 0.870242 0.033033 0.861592 0.039039
7321336   0.885886 0.019520 0.865052 0.875229 0.028529 0.891892 0.875000 0.880734 0.818318 0.879880 0.003003 0.873264 0.906907 0.888889 0.816817 0.006006 0.865052 0.818318 0.868512 0.887387 0.003003 0.015015 0.885886 0.031532 0.000000 0.876736 0.067599 0.867925 0.896396 0.879061 0.873394 0.004505 0.042042 0.004505 0.865809 0.034535 0.818318 0.006006 0.004505 0.012012 0.012012 0.871750 0.816817 0.037538 0.866782 0.033033 0.001502 0.816817 0.036036 0.884384 0.868030 0.819820 0.873874 0.876106 0.810811 0.816817 0.864220 0.815315 0.819820 0.885886 0.003810 0.815315 0.863139 0.898551 0.013514 0.875000 0.081081 0.810811 0.816817 0.004505 0.859060 0.010511 0.882883 0.810811 0.167024 0.890110 0.004505 0.887387 0.018018 0.816817 0.868739 0.868668 0.878378 0.036036 0.897887 0.868739 0.001502 0.873264 0.078078 0.854651 0.868512 0.001502 0.866782 0.007508
514054798 0.845486 0.873264 0.901042 0.757798 0.878472 0.840278 0.005208 0.759633 0.895833 0.833333 0.876736 0.003472 0.838542 0.846465 0.897569 0.868056 0.890625 0.897569 0.885417 0.840278 0.876736 0.878472 0.840278 0.873264 0.876736 0.000000 0.871795 0.809434 0.852431 0.768953 0.761468 0.873264 0.873264 0.873264 0.770221 0.876736 0.899306 0.876736 0.873264 0.873264 0.878472 0.901042 0.899306 0.876736 0.883681 0.873264 0.873264 0.897569 0.876736 0.850694 0.776952 0.894097 0.852431 0.810619 0.888889 0.897569 0.765138 0.897569 0.895833 0.843750 0.904762 0.897569 0.768248 0.597826 0.869792 0.006944 0.878472 0.887153 0.897569 0.875000 0.782998 0.868056 0.852431 0.892361 0.892934 0.885714 0.875000 0.850694 0.869792 0.897569 0.883681 0.814259 0.850694 0.876736 0.647887 0.793403 0.876736 0.001736 0.875000 0.755814 0.885417 0.876736 0.881944 0.873264
375127533 0.867133 0.067599 0.855478 0.874126 0.072261 0.857809 0.869464 0.874126 0.773893 0.855478 0.069930 0.871795 0.855478 0.888112 0.771562 0.067599 0.855478 0.773893 0.855478 0.871795 0.072261 0.079254 0.871795 0.065268 0.067599 0.871795 0.000000 0.871795 0.864802 0.874126 0.876457 0.074592 0.065268 0.072261 0.883450 0.062937 0.773893 0.072261 0.069930 0.076923 0.074592 0.862471 0.771562 0.062937 0.860140 0.062937 0.069930 0.771562 0.062937 0.874126 0.869464 0.771562 0.862471 0.874126 0.757576 0.771562 0.874126 0.771562 0.771562 0.874126 0.356643 0.769231 0.869464 0.876457 0.067599 0.869464 0.123543 0.759907 0.771562 0.074592 0.853147 0.069930 0.874126 0.762238 0.601399 0.892774 0.069930 0.871795 0.069930 0.776224 0.862471 0.871795 0.855478 0.062937 0.876457 0.867133 0.069930 0.871795 0.095571 0.851744 0.857809 0.069930 0.857809 0.074592
28395436  0.784906 0.869811 0.883019 0.739623 0.869811 0.784906 0.809434 0.739623 0.875472 0.764151 0.871698 0.809434 0.762264 0.826263 0.877358 0.867925 0.883019 0.873585 0.883019 0.798113 0.871698 0.871698 0.792453 0.866038 0.867925 0.809434 0.871795 0.000000 0.803774 0.741509 0.739623 0.869811 0.871698 0.869811 0.739623 0.871698 0.873585 0.871698 0.871698 0.871698 0.871698 0.892453 0.877358 0.869811 0.883019 0.871698 0.869811 0.877358 0.869811 0.784906 0.703774 0.875472 0.805660 0.726415 0.877358 0.877358 0.739623 0.877358 0.873585 0.766038 0.902857 0.873585 0.745283 0.809434 0.869811 0.809434 0.867925 0.877358 0.877358 0.871698 0.740492 0.867925 0.784906 0.877358 0.899358 0.890110 0.871698 0.786792 0.869811 0.877358 0.879245 0.428302 0.788679 0.871698 0.798113 0.718868 0.869811 0.809434 0.867925 0.712209 0.883019 0.867925 0.877358 0.869811
18029444  0.231076 0.893393 0.901384 0.807339 0.894895 0.082337 0.852431 0.805505 0.887118 0.843662 0.896396 0.852431 0.839437 0.840404 0.895086 0.896396 0.896194 0.893758 0.899654 0.852436 0.897898 0.893393 0.851262 0.893393 0.896396 0.852431 0.864802 0.803774 0.000000 0.808664 0.800000 0.899070 0.897742 0.896396 0.795956 0.884384 0.893758 0.896396 0.894895 0.897898 0.894895 0.897747 0.895086 0.884384 0.899654 0.885886 0.896396 0.911023 0.884384 0.196547 0.810409 0.887118 0.642762 0.808850 0.889774 0.893758 0.801835 0.893758 0.888446 0.714499 0.887619 0.907039 0.817518 0.842391 0.896396 0.852431 0.899399 0.892430 0.895086 0.896396 0.740492 0.896396 0.196547 0.892430 0.888651 0.707692 0.894895 0.158667 0.896396 0.895086 0.899827 0.771107 0.074468 0.884384 0.839789 0.797927 0.896396 0.852431 0.893393 0.776163 0.899654 0.894895 0.906574 0.896396
410825520 0.808664 0.880866 0.902527 0.122936 0.879061 0.810469 0.768953 0.023853 0.895307 0.759928 0.879061 0.768953 0.756318 0.832323 0.891697 0.871841 0.902527 0.880866 0.900722 0.761733 0.879061 0.884477 0.758123 0.877256 0.879061 0.768953 0.874126 0.741509 0.808664 0.000000 0.066055 0.875451 0.875451 0.877256 0.075368 0.880866 0.891697 0.877256 0.877256 0.870036 0.859206 0.904332 0.891697 0.877256 0.902527 0.873646 0.879061 0.891697 0.877256 0.801444 0.721190 0.889892 0.788809 0.732852 0.882671 0.891697 0.077064 0.891697 0.889892 0.788809 0.897143 0.880866 0.523723 0.786232 0.879061 0.768953 0.884477 0.884477 0.891697 0.879061 0.731544 0.871841 0.801444 0.884477 0.895075 0.896703 0.877256 0.806859 0.880866 0.891697 0.895307 0.733583 0.805054 0.879061 0.783394 0.725632 0.879061 0.768953 0.875451 0.590116 0.900722 0.875451 0.889892 0.880866
39726203  0.811009 0.871560 0.895413 0.097248 0.873394 0.807339 0.761468 0.060550 0.884404 0.752294 0.873394 0.761468 0.748624 0.832323 0.882569 0.873394 0.904587 0.893578 0.897248 0.759633 0.880734 0.877064 0.754128 0.873394 0.873394 0.761468 0.876457 0.739623 0.800000 0.066055 0.000000 0.873394 0.871560 0.873394 0.062500 0.873394 0.884404 0.873394 0.873394 0.877064 0.864220 0.902752 0.882569 0.871560 0.900917 0.871560 0.873394 0.882569 0.871560 0.801835 0.724907 0.880734 0.788991 0.739450 0.878899 0.882569 0.075229 0.882569 0.882569 0.785321 0.891429 0.877064 0.513761 0.774312 0.871560 0.761468 0.871560 0.878899 0.882569 0.877064 0.733781 0.873394 0.801835 0.891743 0.888651 0.898901 0.875229 0.811009 0.871560 0.882569 0.900917 0.733583 0.801835 0.873394 0.776147 0.715596 0.873394 0.761468 0.878899 0.587209 0.899083 0.873394 0.891743 0.873394
18999349  0.890789 0.021021 0.863322 0.873394 0.030030 0.877822 0.871528 0.880734 0.829427 0.881690 0.007508 0.873264 0.878873 0.892929 0.830729 0.010511 0.863322 0.828125 0.868512 0.888252 0.007508 0.019520 0.893229 0.031532 0.004505 0.873264 0.074592 0.869811 0.899070 0.875451 0.873394 0.000000 0.041667 0.009009 0.865809 0.034535 0.832031 0.010511 0.009009 0.016517 0.016517 0.868284 0.830729 0.037538 0.865052 0.033033 0.006006 0.830729 0.036036 0.883289 0.871747 0.825521 0.878906 0.872566 0.820312 0.830729 0.864220 0.829427 0.824219 0.887892 0.007619 0.833333 0.866788 0.894928 0.015015 0.871528 0.081081 0.824219 0.829427 0.009009 0.863535 0.012012 0.883289 0.822917 0.169165 0.890110 0.009009 0.894667 0.019520 0.830729 0.868739 0.868668 0.881649 0.036036 0.894366 0.867012 0.006006 0.873264 0.078078 0.845930 0.865052 0.006006 0.858131 0.012012
514252782 0.890789 0.034535 0.859862 0.875229 0.045045 0.883134 0.871528 0.880734 0.830729 0.885915 0.042042 0.873264 0.881690 0.880808 0.832031 0.042042 0.859862 0.830729 0.870242 0.885387 0.045045 0.057057 0.890625 0.018018 0.042042 0.873264 0.065268 0.871698 0.897742 0.875451 0.871560 0.041667 0.000000 0.045045 0.871324 0.007508 0.833333 0.048048 0.046547 0.048048 0.054054 0.864818 0.832031 0.010511 0.861592 0.009009 0.043544 0.832031 0.009009 0.897878 0.877323 0.822917 0.880208 0.872566 0.821615 0.832031 0.871560 0.830729 0.824219 0.886398 0.055238 0.829427 0.868613 0.893116 0.034535 0.871528 0.057057 0.822917 0.832031 0.046547 0.859060 0.039039 0.897878 0.824219 0.197002 0.885714 0.046547 0.897333 0.030030 0.832031 0.870466 0.870544 0.880319 0.009009 0.889085 0.868739 0.043544 0.876736 0.087087 0.843023 0.866782 0.043544 0.856401 0.049550
928083860 0.884384 0.022523 0.865052 0.875229 0.031532 0.891892 0.871528 0.877064 0.819820 0.881381 0.007508 0.871528 0.882883 0.888889 0.818318 0.009009 0.865052 0.818318 0.868512 0.887387 0.007508 0.016517 0.867868 0.034535 0.004505 0.873264 0.072261 0.869811 0.896396 0.877256 0.873394 0.009009 0.045045 0.000000 0.867647 0.037538 0.819820 0.010511 0.009009 0.016517 0.013514 0.871750 0.818318 0.040541 0.866782 0.036036 0.006006 0.818318 0.039039 0.884384 0.873606 0.821321 0.872372 0.876106 0.812312 0.818318 0.877064 0.816817 0.821321 0.884384 0.009524 0.816817 0.863139 0.884058 0.016517 0.871528 0.084084 0.813814 0.818318 0.006006 0.861298 0.013514 0.882883 0.812312 0.169165 0.887912 0.006006 0.887387 0.021021 0.818318 0.868739 0.868668 0.879880 0.039039 0.896127 0.868739 0.006006 0.876736 0.081081 0.857558 0.868512 0.006006 0.866782 0.009009
34447098  0.806985 0.863971 0.904412 0.130515 0.865809 0.805147 0.770221 0.075368 0.884191 0.757353 0.865809 0.770221 0.753676 0.834343 0.884191 0.867647 0.902574 0.880515 0.909926 0.768382 0.865809 0.869485 0.751838 0.869485 0.865809 0.770221 0.883450 0.739623 0.795956 0.075368 0.062500 0.865809 0.871324 0.867647 0.000000 0.871324 0.884191 0.865809 0.865809 0.869485 0.867647 0.908088 0.884191 0.867647 0.904412 0.871324 0.865809 0.884191 0.871324 0.803309 0.719331 0.880515 0.799632 0.731618 0.878676 0.884191 0.080882 0.884191 0.882353 0.794118 0.887619 0.882353 0.520221 0.775735 0.863971 0.770221 0.869485 0.880515 0.884191 0.871324 0.729306 0.865809 0.803309 0.882353 0.875803 0.903297 0.867647 0.808824 0.863971 0.884191 0.897059 0.726079 0.803309 0.871324 0.777574 0.726103 0.865809 0.770221 0.873162 0.590116 0.906250 0.865809 0.895221 0.865809
902816415 0.872372 0.027027 0.866782 0.873394 0.037538 0.881381 0.871528 0.882569 0.816817 0.885886 0.034535 0.876736 0.902402 0.880808 0.815315 0.034535 0.868512 0.815315 0.870242 0.887387 0.037538 0.049550 0.881381 0.010511 0.034535 0.876736 0.062937 0.871698 0.884384 0.880866 0.873394 0.034535 0.007508 0.037538 0.871324 0.000000 0.816817 0.040541 0.039039 0.040541 0.046547 0.866551 0.815315 0.003003 0.870242 0.001502 0.036036 0.815315 0.004505 0.885886 0.871747 0.815315 0.879880 0.876106 0.804805 0.815315 0.871560 0.813814 0.809309 0.884384 0.045714 0.813814 0.868613 0.894928 0.027027 0.875000 0.049550 0.806306 0.815315 0.039039 0.859060 0.031532 0.884384 0.812312 0.186296 0.887912 0.039039 0.887387 0.022523 0.815315 0.868739 0.868668 0.876877 0.001502 0.892606 0.868739 0.036036 0.869792 0.084084 0.848837 0.870242 0.036036 0.861592 0.042042
162289596 0.896053 0.818318 0.878893 0.891743 0.818318 0.901726 0.899306 0.878899 0.037927 0.880282 0.818318 0.899306 0.881690 0.888889 0.015171 0.818318 0.880623 0.166877 0.885813 0.885387 0.818318 0.818318 0.896334 0.818318 0.818318 0.899306 0.773893 0.873585 0.893758 0.891697 0.884404 0.832031 0.833333 0.819820 0.884191 0.816817 0.000000 0.819820 0.818318 0.824324 0.815315 0.887348 0.017699 0.815315 0.875433 0.818318 0.819820 0.016435 0.816817 0.896552 0.881041 0.064475 0.900645 0.884956 0.240202 0.013906 0.888073 0.017699 0.060683 0.871450 0.824762 0.104930 0.863139 0.889493 0.819820 0.899306 0.821321 0.236709 0.018963 0.821321 0.870246 0.818318 0.900531 0.236709 0.847966 0.879121 0.821321 0.884000 0.819820 0.030341 0.879102 0.891182 0.901596 0.816817 0.882042 0.872193 0.818318 0.899306 0.822823 0.840116 0.887543 0.818318 0.889273 0.819820
359427494 0.885886 0.025526 0.865052 0.875229 0.034535 0.893393 0.875000 0.878899 0.819820 0.879880 0.009009 0.873264 0.884384 0.886869 0.816817 0.012012 0.865052 0.816817 0.866782 0.902402 0.009009 0.021021 0.887387 0.037538 0.006006 0.876736 0.072261 0.871698 0.896396 0.877256 0.873394 0.010511 0.048048 0.010511 0.865809 0.040541 0.819820 0.000000 0.010511 0.018018 0.018018 0.870017 0.816817 0.043544 0.868512 0.039039 0.007508 0.816817 0.042042 0.884384 0.866171 0.819820 0.876877 0.876106 0.810811 0.816817 0.867890 0.815315 0.819820 0.888889 0.011429 0.819820 0.863139 0.884058 0.019520 0.875000 0.087087 0.807808 0.816817 0.010511 0.859060 0.016517 0.882883 0.810811 0.171306 0.892308 0.010511 0.885886 0.024024 0.816817 0.870466 0.870544 0.879880 0.042042 0.890845 0.870466 0.007508 0.876736 0.084084 0.851744 0.868512 0.007508 0.868512 0.013514
816270693 0.885886 0.024024 0.863322 0.871560 0.033033 0.891892 0.871528 0.880734 0.818318 0.884384 0.007508 0.873264 0.902402 0.888889 0.816817 0.010511 0.865052 0.818318 0.868512 0.885886 0.007508 0.019520 0.885886 0.036036 0.004505 0.873264 0.069930 0.871698 0.894895 0.877256 0.873394 0.009009 0.046547 0.009009 0.865809 0.039039 0.818318 0.010511 0.000000 0.016517 0.016517 0.870017 0.816817 0.042042 0.866782 0.037538 0.006006 0.816817 0.040541 0.882883 0.871747 0.819820 0.875375 0.876106 0.810811 0.816817 0.864220 0.815315 0.819820 0.885886 0.007619 0.818318 0.863139 0.898551 0.018018 0.871528 0.085586 0.810811 0.816817 0.009009 0.861298 0.015015 0.882883 0.810811 0.171306 0.887912 0.009009 0.887387 0.022523 0.816817 0.868739 0.868668 0.878378 0.040541 0.894366 0.872193 0.006006 0.873264 0.082583 0.854651 0.868512 0.006006 0.866782 0.012012
416948801 0.879880 0.031532 0.865052 0.878899 0.040541 0.891892 0.875000 0.884404 0.824324 0.902402 0.015015 0.873264 0.899399 0.888889 0.822823 0.018018 0.865052 0.824324 0.868512 0.885886 0.015015 0.027027 0.887387 0.039039 0.012012 0.873264 0.076923 0.871698 0.897898 0.870036 0.877064 0.016517 0.048048 0.016517 0.869485 0.040541 0.824324 0.018018 0.016517 0.000000 0.024024 0.870017 0.822823 0.043544 0.866782 0.039039 0.013514 0.822823 0.045045 0.885886 0.877323 0.825826 0.867868 0.877876 0.812312 0.822823 0.873394 0.821321 0.813814 0.884384 0.015238 0.827327 0.866788 0.898551 0.025526 0.871528 0.087087 0.815315 0.822823 0.016517 0.861298 0.022523 0.885886 0.815315 0.175589 0.894505 0.016517 0.890390 0.030030 0.822823 0.867012 0.866792 0.875375 0.042042 0.876761 0.886010 0.013514 0.876736 0.087087 0.857558 0.870242 0.013514 0.868512 0.019520
928083864 0.881381 0.031532 0.866782 0.875229 0.040541 0.891892 0.876736 0.878899 0.815315 0.881381 0.015015 0.873264 0.885886 0.882828 0.813814 0.018018 0.866782 0.819820 0.870242 0.885886 0.015015 0.024024 0.884384 0.043544 0.012012 0.878472 0.074592 0.871698 0.894895 0.859206 0.864220 0.016517 0.054054 0.013514 0.867647 0.046547 0.815315 0.018018 0.016517 0.024024 0.000000 0.870017 0.813814 0.049550 0.868512 0.045045 0.013514 0.813814 0.048048 0.885886 0.875465 0.816817 0.875375 0.876106 0.806306 0.813814 0.875229 0.812312 0.816817 0.887387 0.017143 0.815315 0.861314 0.903986 0.025526 0.871528 0.093093 0.806306 0.813814 0.013514 0.859060 0.022523 0.884384 0.809309 0.179872 0.890110 0.010511 0.884384 0.030030 0.813814 0.868739 0.868668 0.879880 0.048048 0.894366 0.872193 0.013514 0.878472 0.090090 0.851744 0.870242 0.013514 0.868512 0.016517
212285885 0.897747 0.871750 0.074523 0.904587 0.870017 0.906412 0.901042 0.899083 0.885615 0.875217 0.871750 0.901042 0.885615 0.884848 0.887348 0.870017 0.067591 0.889081 0.081456 0.906412 0.871750 0.870017 0.889081 0.870017 0.871750 0.901042 0.862471 0.892453 0.897747 0.904332 0.902752 0.868284 0.864818 0.871750 0.908088 0.866551 0.887348 0.870017 0.870017 0.870017 0.870017 0.000000 0.887348 0.864818 0.071057 0.870017 0.871750 0.887348 0.864818 0.911612 0.901487 0.889081 0.890815 0.888496 0.883882 0.887348 0.895413 0.887348 0.890815 0.901213 0.891429 0.887348 0.874088 0.894928 0.868284 0.901042 0.866551 0.880416 0.885615 0.873484 0.883669 0.871750 0.911612 0.883882 0.901499 0.901099 0.871750 0.897747 0.871750 0.890815 0.067591 0.900563 0.899480 0.864818 0.885563 0.887348 0.871750 0.901042 0.875217 0.872093 0.077990 0.871750 0.081456 0.871750
156766533 0.897368 0.815315 0.878893 0.891743 0.815315 0.888446 0.897569 0.884404 0.034134 0.900000 0.815315 0.897569 0.901408 0.890909 0.002528 0.816817 0.878893 0.166877 0.877163 0.886819 0.816817 0.816817 0.898862 0.815315 0.816817 0.899306 0.771562 0.877358 0.895086 0.891697 0.882569 0.830729 0.832031 0.818318 0.884191 0.815315 0.017699 0.816817 0.816817 0.822823 0.813814 0.887348 0.000000 0.813814 0.877163 0.815315 0.818318 0.001264 0.815315 0.903183 0.881041 0.059418 0.896774 0.886726 0.235145 0.005057 0.888073 0.007585 0.055626 0.872945 0.824762 0.103666 0.861314 0.884058 0.816817 0.899306 0.818318 0.230380 0.006321 0.819820 0.872483 0.816817 0.895225 0.231646 0.843683 0.879121 0.819820 0.882667 0.816817 0.015171 0.891192 0.896811 0.904255 0.815315 0.882042 0.873921 0.816817 0.899306 0.821321 0.837209 0.878893 0.816817 0.889273 0.818318
928083849 0.872372 0.030030 0.866782 0.873394 0.040541 0.881381 0.875000 0.882569 0.815315 0.884384 0.037538 0.876736 0.900901 0.878788 0.813814 0.037538 0.868512 0.815315 0.870242 0.885886 0.040541 0.052553 0.881381 0.013514 0.037538 0.876736 0.062937 0.869811 0.884384 0.877256 0.871560 0.037538 0.010511 0.040541 0.867647 0.003003 0.815315 0.043544 0.042042 0.043544 0.049550 0.864818 0.813814 0.000000 0.870242 0.004505 0.039039 0.813814 0.004505 0.885886 0.873606 0.807808 0.879880 0.879646 0.804805 0.813814 0.871560 0.812312 0.807808 0.884384 0.049524 0.815315 0.866788 0.894928 0.027027 0.875000 0.052553 0.806306 0.813814 0.042042 0.859060 0.034535 0.884384 0.812312 0.188437 0.890110 0.042042 0.887387 0.025526 0.813814 0.868739 0.868668 0.876877 0.004505 0.892606 0.868739 0.039039 0.876736 0.085586 0.848837 0.866782 0.039039 0.861592 0.045045
353078721 0.896194 0.868512 0.017301 0.899083 0.868512 0.901384 0.883681 0.897248 0.884083 0.868512 0.866782 0.883681 0.878893 0.890909 0.877163 0.865052 0.006920 0.882353 0.048443 0.892734 0.866782 0.866782 0.897924 0.870242 0.866782 0.883681 0.860140 0.883019 0.899654 0.902527 0.900917 0.865052 0.861592 0.866782 0.904412 0.870242 0.875433 0.868512 0.866782 0.866782 0.868512 0.071057 0.877163 0.870242 0.000000 0.870242 0.866782 0.877163 0.870242 0.910035 0.907063 0.878893 0.894464 0.892035 0.882353 0.877163 0.902752 0.875433 0.878893 0.899654 0.885714 0.878893 0.881387 0.887681 0.868512 0.883681 0.868512 0.880623 0.877163 0.866782 0.876957 0.868512 0.906574 0.892734 0.905782 0.901099 0.866782 0.901384 0.868512 0.878893 0.079585 0.898687 0.908304 0.868512 0.876761 0.889273 0.866782 0.883681 0.866782 0.880814 0.051903 0.866782 0.076125 0.870242
38112395  0.873874 0.025526 0.866782 0.873394 0.036036 0.881381 0.871528 0.882569 0.818318 0.885886 0.033033 0.869792 0.905405 0.880808 0.815315 0.033033 0.868512 0.815315 0.870242 0.887387 0.036036 0.048048 0.884384 0.009009 0.033033 0.873264 0.062937 0.871698 0.885886 0.873646 0.871560 0.033033 0.009009 0.036036 0.871324 0.001502 0.818318 0.039039 0.037538 0.039039 0.045045 0.870017 0.815315 0.004505 0.870242 0.000000 0.034535 0.815315 0.006006 0.885886 0.873606 0.816817 0.879880 0.877876 0.810811 0.816817 0.871560 0.813814 0.818318 0.882883 0.043810 0.815315 0.868613 0.894928 0.025526 0.875000 0.051051 0.803303 0.815315 0.037538 0.861298 0.030030 0.884384 0.812312 0.184154 0.887912 0.037538 0.887387 0.021021 0.815315 0.868739 0.868668 0.878378 0.003003 0.892606 0.868739 0.034535 0.873264 0.082583 0.848837 0.870242 0.034535 0.863322 0.040541
