101
AQN78650__KX648536.1   0.000000 0.811287 0.816514 0.823853 0.885017 0.879791 0.879791 0.787992 0.801056 0.876307 0.869338 0.810105 0.895833 0.872822 0.874564 0.871080 0.871080 0.867596 0.874564 0.893728 0.872822 0.869338 0.876307 0.874564 0.902439 0.895470 0.905923 0.905923 0.843206 0.905923 0.909408 0.907666 0.874564 0.876307 0.874564 0.874564 0.872822 0.874564 0.869338 0.810105 0.888651 0.895470 0.888502 0.853659 0.814338 0.822300 0.802974 0.836237 0.892308 0.895238 0.874564 0.874564 0.824818 0.869338 0.893728 0.895470 0.860627 0.869338 0.813589 0.837979 0.846465 0.842391 0.876307 0.853659 0.853659 0.853659 0.853659 0.817690 0.881533 0.818815 0.818349 0.788679 0.825784 0.845070 0.829268 0.824042 0.809174 0.781977 0.801126 0.869338 0.869464 0.867596 0.874564 0.874564 0.891986 0.888502 0.883275 0.891986 0.891986 0.891986 0.876307 0.883275 0.891986 0.890244 0.843206 0.822300 0.885017 0.839721 0.836237 0.830088 0.876307
AQN78648__KX648535.1   0.811287 0.000000 0.655046 0.655046 0.876543 0.869489 0.869489 0.748593 0.816578 0.871252 0.878307 0.777778 0.888889 0.873016 0.878307 0.876543 0.878307 0.871252 0.876543 0.871252 0.874780 0.878307 0.873016 0.888889 0.888889 0.897707 0.883598 0.888889 0.772487 0.888889 0.888889 0.890653 0.876543 0.871252 0.871252 0.869489 0.873016 0.873016 0.878307 0.772487 0.890792 0.878307 0.871252 0.805996 0.658088 0.820106 0.724907 0.823633 0.894505 0.891429 0.871252 0.880071 0.631387 0.876543 0.867725 0.887125 0.874780 0.876543 0.797178 0.825397 0.812121 0.764493 0.874780 0.807760 0.807760 0.807760 0.807760 0.655235 0.869489 0.791887 0.656881 0.747170 0.825397 0.807760 0.814815 0.827160 0.649541 0.616279 0.756098 0.881834 0.864802 0.878307 0.871252 0.873016 0.869489 0.867725 0.873016 0.869489 0.869489 0.871252 0.878307 0.874780 0.869489 0.878307 0.772487 0.820106 0.878307 0.772487 0.772487 0.769912 0.878307
spQ90054__             0.816514 0.655046 0.000000 0.071560 0.882569 0.875229 0.882569 0.727955 0.792661 0.875229 0.880734 0.761468 0.891204 0.880734 0.873394 0.873394 0.880734 0.875229 0.875229 0.880734 0.880734 0.880734 0.884404 0.884404 0.897248 0.891743 0.899083 0.895413 0.754128 0.895413 0.895413 0.897248 0.878899 0.877064 0.875229 0.880734 0.882569 0.882569 0.880734 0.721101 0.884368 0.893578 0.878899 0.759633 0.075368 0.790826 0.723048 0.803670 0.885714 0.897143 0.880734 0.875229 0.517431 0.880734 0.889908 0.891743 0.873394 0.880734 0.785321 0.798165 0.832323 0.779817 0.878899 0.759633 0.759633 0.759633 0.759633 0.023853 0.878899 0.788991 0.060550 0.739623 0.805505 0.777982 0.807339 0.803670 0.115596 0.590116 0.733583 0.878899 0.874126 0.880734 0.880734 0.882569 0.884404 0.884404 0.884404 0.884404 0.884404 0.884404 0.882569 0.877064 0.884404 0.875229 0.757798 0.790826 0.884404 0.755963 0.754128 0.732110 0.884404
spO71153__             0.823853 0.655046 0.071560 0.000000 0.880734 0.889908 0.886239 0.724203 0.796330 0.875229 0.869725 0.763303 0.879630 0.871560 0.871560 0.869725 0.869725 0.867890 0.869725 0.871560 0.871560 0.877064 0.878899 0.873394 0.899083 0.888073 0.895413 0.895413 0.755963 0.895413 0.900917 0.902752 0.860550 0.877064 0.862385 0.860550 0.871560 0.871560 0.867890 0.721101 0.880086 0.891743 0.888073 0.765138 0.080882 0.800000 0.719331 0.809174 0.896703 0.881905 0.877064 0.875229 0.517431 0.869725 0.899083 0.893578 0.871560 0.864220 0.790826 0.803670 0.830303 0.776147 0.877064 0.765138 0.765138 0.765138 0.765138 0.077064 0.889908 0.796330 0.075229 0.739623 0.801835 0.785321 0.809174 0.807339 0.121101 0.595930 0.729831 0.869725 0.874126 0.875229 0.867890 0.871560 0.888073 0.888073 0.888073 0.888073 0.888073 0.888073 0.864220 0.880734 0.888073 0.878899 0.759633 0.800000 0.880734 0.763303 0.766972 0.728440 0.869725
spQ90185__             0.885017 0.876543 0.882569 0.880734 0.000000 0.238509 0.218159 0.898687 0.876761 0.812312 0.810811 0.879234 0.835648 0.810811 0.809309 0.809309 0.810811 0.809309 0.809309 0.821615 0.809309 0.810811 0.813814 0.812312 0.894464 0.889273 0.883882 0.896194 0.890704 0.892734 0.896194 0.882353 0.809309 0.812312 0.812312 0.812312 0.804805 0.804805 0.810811 0.894646 0.841542 0.236410 0.240202 0.888889 0.878676 0.891247 0.892193 0.878667 0.879121 0.817143 0.810811 0.809309 0.857664 0.812312 0.248447 0.889465 0.803303 0.820312 0.895366 0.885638 0.886869 0.891304 0.812312 0.888889 0.888889 0.888889 0.888889 0.882671 0.239752 0.882581 0.878899 0.883019 0.892430 0.897887 0.890789 0.880478 0.888073 0.848837 0.896811 0.810811 0.757576 0.810811 0.810811 0.810811 0.233881 0.235145 0.245259 0.235145 0.235145 0.231353 0.812312 0.229508 0.235145 0.036709 0.888252 0.892573 0.022785 0.874648 0.873239 0.895575 0.806306
spP27454__             0.879791 0.869489 0.875229 0.889908 0.238509 0.000000 0.040353 0.893058 0.873239 0.819820 0.821321 0.882180 0.835648 0.815315 0.818318 0.818318 0.807808 0.818318 0.818318 0.822917 0.815315 0.819820 0.822823 0.816817 0.878893 0.887543 0.889081 0.878893 0.885678 0.877163 0.880623 0.878893 0.816817 0.821321 0.821321 0.821321 0.807808 0.809309 0.819820 0.889465 0.845824 0.175727 0.064475 0.895833 0.880515 0.889920 0.888476 0.885333 0.885714 0.826667 0.819820 0.818318 0.864964 0.816817 0.061249 0.886010 0.813814 0.825521 0.889387 0.889628 0.890909 0.885870 0.819820 0.895833 0.895833 0.895833 0.894097 0.889892 0.010601 0.890323 0.880734 0.875472 0.884462 0.885563 0.893421 0.883134 0.889908 0.857558 0.889306 0.819820 0.771562 0.819820 0.818318 0.810811 0.056890 0.060683 0.068268 0.059418 0.058154 0.056890 0.819820 0.099622 0.059418 0.226582 0.883954 0.889920 0.227848 0.880282 0.878873 0.900885 0.819820
APA19411__KX603698.1   0.879791 0.869489 0.882569 0.886239 0.218159 0.040353 0.000000 0.883677 0.875000 0.816817 0.816817 0.882180 0.833333 0.816817 0.816817 0.815315 0.815315 0.815315 0.816817 0.832031 0.816817 0.816817 0.819820 0.821321 0.878893 0.889273 0.885615 0.880623 0.895334 0.877163 0.878893 0.877163 0.815315 0.818318 0.818318 0.818318 0.816817 0.816817 0.816817 0.882556 0.843683 0.160556 0.054362 0.895833 0.882353 0.892573 0.879182 0.877333 0.872527 0.824762 0.816817 0.813814 0.868613 0.815315 0.059269 0.887737 0.822823 0.829427 0.893871 0.902926 0.888889 0.885870 0.815315 0.894097 0.894097 0.894097 0.892361 0.888087 0.036570 0.900645 0.880734 0.873585 0.893758 0.890845 0.896053 0.888446 0.899083 0.840116 0.891182 0.815315 0.771562 0.816817 0.816817 0.816817 0.044248 0.048040 0.055626 0.046776 0.045512 0.044248 0.816817 0.074401 0.049305 0.211392 0.886819 0.892573 0.213924 0.877465 0.878873 0.886726 0.818318
YP_009310053__KU727766 0.787992 0.748593 0.727955 0.724203 0.898687 0.893058 0.883677 0.000000 0.793621 0.870544 0.872420 0.772983 0.900463 0.868668 0.870544 0.868668 0.870544 0.870544 0.870544 0.870544 0.868668 0.870544 0.872420 0.868668 0.896811 0.885553 0.898687 0.894934 0.789869 0.894934 0.896811 0.896811 0.870544 0.870544 0.870544 0.870544 0.868668 0.870544 0.870544 0.714822 0.895075 0.883677 0.885553 0.810507 0.720450 0.774859 0.722326 0.774859 0.892308 0.893333 0.870544 0.870544 0.759850 0.868668 0.887430 0.893058 0.870544 0.870544 0.759850 0.771107 0.840404 0.825516 0.870544 0.810507 0.810507 0.810507 0.810507 0.727955 0.891182 0.765478 0.727955 0.432075 0.771107 0.804878 0.782364 0.774859 0.754221 0.709302 0.013133 0.872420 0.871795 0.872420 0.868668 0.868668 0.885553 0.883677 0.893058 0.883677 0.883677 0.881801 0.870544 0.896811 0.885553 0.902439 0.787992 0.774859 0.902439 0.772983 0.772983 0.718574 0.874296
ANG55949__KX035107.1   0.801056 0.816578 0.792661 0.796330 0.876761 0.873239 0.875000 0.793621 0.000000 0.873239 0.873239 0.764085 0.888889 0.878521 0.873239 0.871479 0.871479 0.869718 0.871479 0.882042 0.878521 0.873239 0.875000 0.869718 0.904930 0.897887 0.904930 0.906690 0.808099 0.897887 0.903169 0.904930 0.873239 0.873239 0.873239 0.871479 0.878521 0.878521 0.873239 0.795775 0.897216 0.867958 0.878521 0.839789 0.792279 0.778169 0.791822 0.779930 0.892308 0.899048 0.873239 0.875000 0.801095 0.873239 0.873239 0.896127 0.867958 0.873239 0.760563 0.781690 0.832323 0.829710 0.875000 0.839789 0.839789 0.839789 0.839789 0.794224 0.873239 0.755282 0.794495 0.796226 0.779930 0.839789 0.786972 0.779930 0.788991 0.758721 0.793621 0.873239 0.864802 0.873239 0.875000 0.878521 0.876761 0.873239 0.876761 0.873239 0.876761 0.876761 0.869718 0.875000 0.873239 0.875000 0.806338 0.778169 0.876761 0.808099 0.808099 0.801770 0.878521
AAR11281__AY355306.1   0.876307 0.871252 0.875229 0.875229 0.812312 0.819820 0.816817 0.870544 0.873239 0.000000 0.003003 0.869369 0.030093 0.037538 0.007508 0.012012 0.015015 0.021021 0.019520 0.043544 0.037538 0.001502 0.006006 0.013514 0.868512 0.866782 0.871750 0.863322 0.885886 0.868512 0.865052 0.866782 0.013514 0.006006 0.006006 0.009009 0.039039 0.036036 0.006006 0.868739 0.169165 0.818318 0.819820 0.871528 0.865809 0.882883 0.871747 0.887387 0.890110 0.005714 0.003003 0.004505 0.863139 0.030030 0.819820 0.868739 0.079580 0.006006 0.885886 0.878378 0.888889 0.884058 0.016517 0.875000 0.876736 0.873264 0.876736 0.879061 0.819820 0.873874 0.873394 0.869811 0.896396 0.894366 0.884384 0.890390 0.875229 0.854651 0.868668 0.007508 0.069930 0.003003 0.033033 0.034535 0.818318 0.818318 0.818318 0.818318 0.818318 0.818318 0.004505 0.819820 0.816817 0.812312 0.887387 0.884384 0.812312 0.906907 0.902402 0.876106 0.082583
ANN89695__KU373072.1   0.869338 0.878307 0.880734 0.869725 0.810811 0.821321 0.816817 0.872420 0.873239 0.003003 0.000000 0.869369 0.030093 0.037538 0.007508 0.012012 0.015015 0.021021 0.019520 0.043544 0.037538 0.001502 0.006006 0.013514 0.868512 0.868512 0.871750 0.865052 0.885886 0.868512 0.865052 0.866782 0.013514 0.006006 0.006006 0.009009 0.039039 0.036036 0.006006 0.868739 0.169165 0.818318 0.819820 0.875000 0.865809 0.882883 0.871747 0.887387 0.890110 0.005714 0.003003 0.004505 0.863139 0.027027 0.819820 0.868739 0.079580 0.006006 0.885886 0.878378 0.882828 0.893116 0.016517 0.875000 0.876736 0.876736 0.876736 0.875451 0.821321 0.873874 0.873394 0.869811 0.896396 0.894366 0.885886 0.891892 0.875229 0.854651 0.870544 0.007508 0.067599 0.003003 0.033033 0.034535 0.818318 0.818318 0.818318 0.818318 0.818318 0.818318 0.004505 0.815315 0.816817 0.810811 0.887387 0.882883 0.810811 0.900901 0.905405 0.876106 0.081081
YP_009256211__KX165268 0.810105 0.777778 0.761468 0.763303 0.879234 0.882180 0.882180 0.772983 0.764085 0.869369 0.869369 0.000000 0.870370 0.866366 0.867868 0.866366 0.866366 0.864865 0.864865 0.865979 0.864865 0.869369 0.870871 0.870871 0.892734 0.887543 0.887348 0.885813 0.804124 0.892734 0.885813 0.887543 0.869369 0.869369 0.869369 0.870871 0.866366 0.864865 0.869369 0.744387 0.886510 0.882180 0.876289 0.803819 0.759191 0.820324 0.732342 0.799705 0.883516 0.878095 0.869369 0.869369 0.757299 0.866366 0.885125 0.896373 0.867868 0.868925 0.780269 0.795287 0.795960 0.809783 0.869369 0.803819 0.805556 0.805556 0.805556 0.761733 0.883652 0.779087 0.761468 0.767925 0.790869 0.767606 0.810015 0.799705 0.755963 0.758721 0.772983 0.867868 0.855478 0.870871 0.864865 0.864865 0.874816 0.882180 0.882180 0.874816 0.882180 0.882180 0.867868 0.886598 0.883652 0.882180 0.805596 0.805596 0.882180 0.790869 0.793814 0.750442 0.867868
AND61496__KU215794.1   0.895833 0.888889 0.891204 0.879630 0.835648 0.835648 0.833333 0.900463 0.888889 0.030093 0.030093 0.870370 0.000000 0.041667 0.023148 0.025463 0.018519 0.018519 0.016204 0.048611 0.041667 0.027778 0.032407 0.039352 0.900463 0.886574 0.891204 0.907407 0.879630 0.898148 0.888889 0.902778 0.041667 0.030093 0.032407 0.037037 0.043981 0.039352 0.032407 0.895833 0.136574 0.840278 0.837963 0.893519 0.888889 0.893519 0.900463 0.884259 0.900463 0.032407 0.027778 0.025463 0.891204 0.018519 0.831019 0.898148 0.083333 0.032407 0.886574 0.886574 0.891204 0.900463 0.046296 0.895833 0.895833 0.895833 0.895833 0.884259 0.835648 0.884259 0.893519 0.891204 0.891204 0.895833 0.893519 0.886574 0.893519 0.904070 0.891204 0.037037 0.522145 0.030093 0.030093 0.037037 0.835648 0.835648 0.835648 0.835648 0.835648 0.835648 0.032407 0.831019 0.835648 0.840278 0.900463 0.893519 0.835648 0.884259 0.886574 0.886574 0.046296
AAM28234__AY102034.1   0.872822 0.873016 0.880734 0.871560 0.810811 0.815315 0.816817 0.868668 0.878521 0.037538 0.037538 0.866366 0.041667 0.000000 0.036036 0.033033 0.028529 0.028529 0.024024 0.009009 0.006006 0.036036 0.040541 0.042042 0.870242 0.863322 0.864818 0.866782 0.884384 0.870242 0.866782 0.868512 0.048048 0.039039 0.040541 0.043544 0.004505 0.001502 0.040541 0.882556 0.188437 0.815315 0.816817 0.875000 0.869485 0.884384 0.873606 0.887387 0.887912 0.047619 0.037538 0.036036 0.864964 0.039039 0.816817 0.868739 0.085586 0.036036 0.884384 0.876877 0.882828 0.894928 0.051051 0.875000 0.876736 0.876736 0.873264 0.879061 0.816817 0.879880 0.871560 0.871698 0.884384 0.892606 0.882883 0.879880 0.873394 0.848837 0.866792 0.042042 0.062937 0.037538 0.012012 0.003003 0.815315 0.815315 0.815315 0.815315 0.815315 0.815315 0.039039 0.813814 0.813814 0.812312 0.887387 0.884384 0.810811 0.885886 0.902402 0.876106 0.051051
ALS03998__KT316253.1   0.874564 0.878307 0.873394 0.871560 0.809309 0.818318 0.816817 0.870544 0.873239 0.007508 0.007508 0.867868 0.023148 0.036036 0.000000 0.006006 0.010511 0.016517 0.015015 0.042042 0.036036 0.006006 0.010511 0.018018 0.868512 0.866782 0.870017 0.863322 0.878378 0.868512 0.863322 0.865052 0.018018 0.009009 0.010511 0.013514 0.037538 0.034535 0.010511 0.884283 0.162741 0.816817 0.818318 0.866319 0.867647 0.881381 0.871747 0.885886 0.890110 0.011429 0.007508 0.009009 0.863139 0.025526 0.818318 0.868739 0.075075 0.010511 0.884384 0.876877 0.886869 0.900362 0.021021 0.866319 0.868056 0.868056 0.868056 0.871841 0.819820 0.873874 0.873394 0.867925 0.896396 0.892606 0.881381 0.891892 0.875229 0.854651 0.868668 0.012012 0.067599 0.007508 0.028529 0.033033 0.816817 0.816817 0.816817 0.816817 0.816817 0.816817 0.009009 0.818318 0.815315 0.809309 0.888889 0.882883 0.810811 0.900901 0.882883 0.876106 0.081081
ALS03995__KT316252.1   0.871080 0.876543 0.873394 0.869725 0.809309 0.818318 0.815315 0.868668 0.871479 0.012012 0.012012 0.866366 0.025463 0.033033 0.006006 0.000000 0.007508 0.013514 0.012012 0.039039 0.033033 0.010511 0.015015 0.022523 0.870242 0.866782 0.871750 0.866782 0.869369 0.870242 0.866782 0.868512 0.022523 0.013514 0.015015 0.018018 0.034535 0.031532 0.015015 0.898100 0.167024 0.816817 0.818318 0.868056 0.865809 0.882883 0.871747 0.885886 0.887912 0.017143 0.012012 0.013514 0.864964 0.024024 0.818318 0.867012 0.073574 0.012012 0.882883 0.878378 0.888889 0.896739 0.025526 0.868056 0.869792 0.871528 0.868056 0.871841 0.806306 0.873874 0.873394 0.869811 0.896396 0.894366 0.884384 0.891892 0.875229 0.854651 0.868668 0.016517 0.067599 0.012012 0.025526 0.030030 0.816817 0.816817 0.816817 0.816817 0.816817 0.816817 0.013514 0.818318 0.815315 0.810811 0.887387 0.882883 0.809309 0.903904 0.884384 0.874336 0.078078
ALS03992__KT316251.1   0.871080 0.878307 0.880734 0.869725 0.810811 0.807808 0.815315 0.870544 0.871479 0.015015 0.015015 0.866366 0.018519 0.028529 0.010511 0.007508 0.000000 0.009009 0.007508 0.034535 0.025526 0.013514 0.018018 0.025526 0.868512 0.866782 0.871750 0.866782 0.869369 0.870242 0.866782 0.868512 0.025526 0.016517 0.018018 0.021021 0.027027 0.027027 0.018018 0.875648 0.175589 0.815315 0.819820 0.866319 0.863971 0.884384 0.871747 0.890390 0.885714 0.020952 0.015015 0.013514 0.864964 0.019520 0.819820 0.867012 0.076577 0.015015 0.884384 0.878378 0.880808 0.896739 0.028529 0.871528 0.869792 0.869792 0.869792 0.877256 0.804805 0.875375 0.873394 0.869811 0.896396 0.894366 0.872372 0.891892 0.873394 0.854651 0.868668 0.019520 0.067599 0.015015 0.021021 0.025526 0.816817 0.816817 0.816817 0.816817 0.816817 0.816817 0.016517 0.818318 0.815315 0.812312 0.890390 0.884384 0.810811 0.908408 0.884384 0.877876 0.073574
ALS03989__KT316250.1   0.867596 0.871252 0.875229 0.867890 0.809309 0.818318 0.815315 0.870544 0.869718 0.021021 0.021021 0.864865 0.018519 0.028529 0.016517 0.013514 0.009009 0.000000 0.007508 0.034535 0.028529 0.019520 0.024024 0.031532 0.868512 0.865052 0.871750 0.866782 0.869369 0.870242 0.866782 0.868512 0.031532 0.022523 0.024024 0.027027 0.030030 0.027027 0.024024 0.868739 0.179872 0.816817 0.818318 0.866319 0.863971 0.882883 0.871747 0.888889 0.885714 0.028571 0.021021 0.019520 0.863139 0.022523 0.818318 0.867012 0.078078 0.021021 0.887387 0.876877 0.882828 0.896739 0.033033 0.869792 0.873264 0.873264 0.873264 0.880866 0.819820 0.873874 0.871560 0.869811 0.893393 0.897887 0.872372 0.891892 0.871560 0.845930 0.868668 0.025526 0.067599 0.021021 0.021021 0.025526 0.815315 0.815315 0.815315 0.815315 0.815315 0.816817 0.022523 0.818318 0.813814 0.809309 0.885886 0.884384 0.810811 0.879880 0.902402 0.877876 0.075075
ALS03986__KT316249.1   0.874564 0.876543 0.875229 0.869725 0.809309 0.818318 0.816817 0.870544 0.871479 0.019520 0.019520 0.864865 0.016204 0.024024 0.015015 0.012012 0.007508 0.007508 0.000000 0.030030 0.024024 0.018018 0.022523 0.030030 0.870242 0.866782 0.871750 0.866782 0.869369 0.870242 0.866782 0.868512 0.030030 0.021021 0.022523 0.025526 0.025526 0.022523 0.022523 0.882556 0.173448 0.815315 0.819820 0.866319 0.863971 0.882883 0.873606 0.887387 0.885714 0.026667 0.019520 0.018018 0.861314 0.021021 0.819820 0.868739 0.073574 0.019520 0.882883 0.875375 0.886869 0.882246 0.033033 0.871528 0.869792 0.869792 0.869792 0.880866 0.818318 0.875375 0.873394 0.869811 0.896396 0.894366 0.872372 0.893393 0.873394 0.848837 0.868668 0.024024 0.069930 0.019520 0.019520 0.021021 0.816817 0.816817 0.816817 0.816817 0.816817 0.816817 0.021021 0.818318 0.815315 0.810811 0.888889 0.885886 0.810811 0.878378 0.906907 0.877876 0.070571
ALS03967__KT316259.1   0.893728 0.871252 0.880734 0.871560 0.821615 0.822917 0.832031 0.870544 0.882042 0.043544 0.043544 0.865979 0.048611 0.009009 0.042042 0.039039 0.034535 0.034535 0.030030 0.000000 0.009009 0.042042 0.046547 0.048048 0.866782 0.856401 0.864818 0.859862 0.890625 0.870242 0.859862 0.861592 0.054054 0.045045 0.046547 0.049550 0.010511 0.007508 0.046547 0.868739 0.197002 0.830729 0.833333 0.871528 0.871324 0.897878 0.877323 0.897333 0.885714 0.055238 0.043544 0.042042 0.868613 0.045045 0.830729 0.870466 0.087087 0.041667 0.886398 0.880319 0.888889 0.893116 0.057057 0.871528 0.873264 0.876736 0.873264 0.882671 0.824219 0.880208 0.871560 0.869811 0.897742 0.889085 0.890789 0.883134 0.875229 0.843023 0.870544 0.048048 0.062937 0.043544 0.018018 0.009009 0.832031 0.832031 0.832031 0.832031 0.832031 0.832031 0.045045 0.829427 0.830729 0.824219 0.885387 0.897878 0.822917 0.885915 0.881690 0.872566 0.057057
ALS03963__KT316257.1   0.872822 0.874780 0.880734 0.871560 0.809309 0.815315 0.816817 0.868668 0.878521 0.037538 0.037538 0.864865 0.041667 0.006006 0.036036 0.033033 0.025526 0.028529 0.024024 0.009009 0.000000 0.036036 0.040541 0.045045 0.866782 0.863322 0.864818 0.866782 0.873874 0.870242 0.868512 0.870242 0.048048 0.039039 0.040541 0.043544 0.004505 0.004505 0.040541 0.868739 0.192719 0.815315 0.816817 0.875000 0.871324 0.882883 0.877323 0.887387 0.890110 0.047619 0.037538 0.036036 0.864964 0.039039 0.816817 0.868739 0.085586 0.036036 0.884384 0.878378 0.880808 0.894928 0.051051 0.871528 0.876736 0.876736 0.876736 0.882671 0.816817 0.879880 0.871560 0.871698 0.884384 0.894366 0.872372 0.881381 0.875229 0.848837 0.872420 0.042042 0.062937 0.037538 0.013514 0.006006 0.815315 0.815315 0.815315 0.815315 0.815315 0.815315 0.039039 0.815315 0.813814 0.807808 0.887387 0.878378 0.804805 0.887387 0.902402 0.876106 0.054054
ALS03960__KT316256.1   0.869338 0.878307 0.880734 0.877064 0.810811 0.819820 0.816817 0.870544 0.873239 0.001502 0.001502 0.869369 0.027778 0.036036 0.006006 0.010511 0.013514 0.019520 0.018018 0.042042 0.036036 0.000000 0.004505 0.012012 0.868512 0.866782 0.871750 0.865052 0.885886 0.868512 0.865052 0.866782 0.012012 0.004505 0.004505 0.007508 0.037538 0.034535 0.004505 0.868739 0.167024 0.818318 0.818318 0.875000 0.865809 0.882883 0.868030 0.887387 0.890110 0.003810 0.001502 0.003003 0.863139 0.028529 0.818318 0.868739 0.078078 0.004505 0.885886 0.878378 0.878788 0.898551 0.015015 0.871528 0.876736 0.873264 0.876736 0.879061 0.819820 0.873874 0.873394 0.867925 0.896396 0.897887 0.885886 0.891892 0.875229 0.854651 0.868668 0.006006 0.067599 0.001502 0.031532 0.033033 0.816817 0.816817 0.816817 0.816817 0.816817 0.816817 0.003003 0.815315 0.815315 0.810811 0.887387 0.884384 0.810811 0.906907 0.882883 0.876106 0.081081
ALS03957__KT316255.1   0.876307 0.873016 0.884404 0.878899 0.813814 0.822823 0.819820 0.872420 0.875000 0.006006 0.006006 0.870871 0.032407 0.040541 0.010511 0.015015 0.018018 0.024024 0.022523 0.046547 0.040541 0.004505 0.000000 0.016517 0.870242 0.868512 0.873484 0.865052 0.887387 0.868512 0.865052 0.866782 0.013514 0.006006 0.006006 0.009009 0.042042 0.039039 0.009009 0.870466 0.171306 0.821321 0.821321 0.873264 0.871324 0.884384 0.875465 0.885886 0.887912 0.009524 0.006006 0.007508 0.868613 0.033033 0.821321 0.868739 0.082583 0.009009 0.885886 0.878378 0.888889 0.893116 0.016517 0.876736 0.878472 0.873264 0.878472 0.879061 0.822823 0.875375 0.877064 0.871698 0.896396 0.894366 0.875375 0.893393 0.877064 0.854651 0.870544 0.010511 0.074592 0.006006 0.036036 0.037538 0.819820 0.819820 0.819820 0.819820 0.819820 0.819820 0.007508 0.818318 0.818318 0.813814 0.885886 0.885886 0.813814 0.909910 0.905405 0.877876 0.085586
ALS03954__KT316254.1   0.874564 0.888889 0.884404 0.873394 0.812312 0.816817 0.821321 0.868668 0.869718 0.013514 0.013514 0.870871 0.039352 0.042042 0.018018 0.022523 0.025526 0.031532 0.030030 0.048048 0.045045 0.012012 0.016517 0.000000 0.870242 0.868512 0.870017 0.865052 0.888889 0.870242 0.865052 0.866782 0.024024 0.016517 0.016517 0.019520 0.043544 0.040541 0.016517 0.886010 0.175589 0.824324 0.824324 0.871528 0.869485 0.885886 0.877323 0.890390 0.894505 0.015238 0.013514 0.015015 0.866788 0.040541 0.824324 0.867012 0.087087 0.016517 0.884384 0.875375 0.878788 0.898551 0.027027 0.875000 0.876736 0.876736 0.873264 0.882671 0.813814 0.867868 0.877064 0.873585 0.897898 0.876761 0.879880 0.891892 0.878899 0.857558 0.866792 0.018018 0.079254 0.013514 0.039039 0.039039 0.822823 0.822823 0.822823 0.822823 0.822823 0.822823 0.015015 0.827327 0.821321 0.815315 0.890390 0.885886 0.815315 0.906907 0.899399 0.877876 0.087087
ALS03905__KT316245.1   0.902439 0.888889 0.897248 0.899083 0.894464 0.878893 0.878893 0.896811 0.904930 0.868512 0.868512 0.892734 0.900463 0.870242 0.868512 0.870242 0.868512 0.868512 0.870242 0.866782 0.866782 0.868512 0.870242 0.870242 0.000000 0.088235 0.077990 0.055363 0.903114 0.022491 0.051903 0.051903 0.870242 0.868512 0.868512 0.868512 0.866782 0.870242 0.868512 0.892734 0.905782 0.882353 0.887543 0.885417 0.906250 0.908304 0.899628 0.894464 0.892308 0.889524 0.868512 0.868512 0.892336 0.870242 0.894464 0.089965 0.866782 0.865052 0.904844 0.904844 0.892929 0.893116 0.871972 0.885417 0.885417 0.885417 0.885417 0.897112 0.880623 0.892734 0.895413 0.883019 0.899654 0.882042 0.899654 0.903114 0.904587 0.872093 0.898687 0.868512 0.857809 0.868512 0.868512 0.870242 0.878893 0.878893 0.882353 0.878893 0.878893 0.878893 0.868512 0.880623 0.877163 0.892734 0.896194 0.908304 0.894464 0.873702 0.885813 0.886726 0.871972
ALS03902__KT316244.1   0.895470 0.897707 0.891743 0.888073 0.889273 0.887543 0.889273 0.885553 0.897887 0.866782 0.868512 0.887543 0.886574 0.863322 0.866782 0.866782 0.866782 0.865052 0.866782 0.856401 0.863322 0.866782 0.868512 0.868512 0.088235 0.000000 0.081456 0.081315 0.887543 0.081315 0.076125 0.076125 0.868512 0.868512 0.868512 0.868512 0.863322 0.863322 0.866782 0.889273 0.897216 0.894464 0.889273 0.880208 0.897059 0.901384 0.894052 0.901384 0.894505 0.887619 0.868512 0.866782 0.870438 0.868512 0.887543 0.072664 0.866782 0.858131 0.906574 0.903114 0.896970 0.891304 0.870242 0.880208 0.880208 0.880208 0.881944 0.889892 0.889273 0.894464 0.891743 0.881132 0.906574 0.882042 0.904844 0.904844 0.891743 0.875000 0.885553 0.868512 0.857809 0.868512 0.861592 0.863322 0.889273 0.889273 0.891003 0.889273 0.889273 0.889273 0.866782 0.892734 0.889273 0.887543 0.891003 0.903114 0.891003 0.877163 0.887543 0.890265 0.863322
ALS03899__KT316243.1   0.905923 0.883598 0.899083 0.895413 0.883882 0.889081 0.885615 0.898687 0.904930 0.871750 0.871750 0.887348 0.891204 0.864818 0.870017 0.871750 0.871750 0.871750 0.871750 0.864818 0.864818 0.871750 0.873484 0.870017 0.077990 0.081456 0.000000 0.074523 0.890815 0.081456 0.067591 0.071057 0.870017 0.871750 0.871750 0.871750 0.864818 0.866551 0.870017 0.887348 0.901499 0.889081 0.887348 0.901042 0.908088 0.911612 0.901487 0.897747 0.901099 0.891429 0.871750 0.871750 0.874088 0.870017 0.885615 0.067591 0.875217 0.868284 0.901213 0.899480 0.884848 0.894928 0.868284 0.901042 0.901042 0.901042 0.901042 0.904332 0.890815 0.890815 0.902752 0.892453 0.897747 0.885563 0.897747 0.902946 0.900917 0.872093 0.900563 0.870017 0.862471 0.871750 0.866551 0.870017 0.887348 0.885615 0.890815 0.887348 0.887348 0.887348 0.871750 0.887348 0.887348 0.883882 0.906412 0.911612 0.880416 0.875217 0.885615 0.888496 0.866551
ALS03893__KT316241.1   0.905923 0.888889 0.895413 0.895413 0.896194 0.878893 0.880623 0.894934 0.906690 0.863322 0.865052 0.885813 0.907407 0.866782 0.863322 0.866782 0.866782 0.866782 0.866782 0.859862 0.866782 0.865052 0.865052 0.865052 0.055363 0.081315 0.074523 0.000000 0.904844 0.051903 0.017301 0.017301 0.866782 0.865052 0.865052 0.865052 0.866782 0.866782 0.863322 0.889273 0.907923 0.884083 0.878893 0.901042 0.904412 0.901384 0.908922 0.892734 0.901099 0.885714 0.865052 0.865052 0.892336 0.866782 0.892734 0.081315 0.865052 0.863322 0.896194 0.908304 0.892929 0.889493 0.865052 0.901042 0.901042 0.901042 0.901042 0.902527 0.880623 0.889273 0.895413 0.883019 0.901384 0.876761 0.899654 0.901384 0.897248 0.883721 0.894934 0.865052 0.855478 0.863322 0.870242 0.866782 0.877163 0.877163 0.880623 0.878893 0.878893 0.877163 0.863322 0.877163 0.875433 0.892734 0.892734 0.904844 0.892734 0.870242 0.868512 0.888496 0.868512
ALL74042__KT239104.1   0.843206 0.772487 0.754128 0.755963 0.890704 0.885678 0.895334 0.789869 0.808099 0.885886 0.885886 0.804124 0.879630 0.884384 0.878378 0.869369 0.869369 0.869369 0.869369 0.890625 0.873874 0.885886 0.887387 0.888889 0.903114 0.887543 0.890815 0.904844 0.000000 0.899654 0.896194 0.897924 0.884384 0.867868 0.885886 0.885886 0.881381 0.881381 0.885886 0.734024 0.888651 0.897598 0.896334 0.840278 0.751838 0.846154 0.750929 0.850667 0.887912 0.889524 0.885886 0.885886 0.790146 0.885886 0.885678 0.906736 0.891892 0.893229 0.814649 0.843085 0.836364 0.835145 0.887387 0.840278 0.840278 0.840278 0.840278 0.758123 0.885678 0.854194 0.754128 0.792453 0.851262 0.816901 0.834211 0.840637 0.761468 0.735465 0.784240 0.887387 0.871795 0.885886 0.885886 0.884384 0.898862 0.896334 0.897598 0.898862 0.898862 0.898862 0.885886 0.899117 0.905183 0.892405 0.020057 0.846154 0.896203 0.702817 0.708451 0.736283 0.903904
ALK24441__KR492913.1   0.905923 0.888889 0.895413 0.895413 0.892734 0.877163 0.877163 0.894934 0.897887 0.868512 0.868512 0.892734 0.898148 0.870242 0.868512 0.870242 0.870242 0.870242 0.870242 0.870242 0.870242 0.868512 0.868512 0.870242 0.022491 0.081315 0.081456 0.051903 0.899654 0.000000 0.048443 0.048443 0.870242 0.868512 0.868512 0.868512 0.870242 0.870242 0.868512 0.894464 0.905782 0.882353 0.885813 0.885417 0.909926 0.903114 0.908922 0.894464 0.894505 0.887619 0.868512 0.868512 0.888686 0.870242 0.885813 0.083045 0.866782 0.868512 0.903114 0.903114 0.892929 0.894928 0.871972 0.885417 0.890625 0.890625 0.885417 0.900722 0.878893 0.892734 0.897248 0.883019 0.899654 0.883803 0.897924 0.901384 0.899083 0.883721 0.896811 0.866782 0.855478 0.866782 0.871972 0.870242 0.877163 0.877163 0.878893 0.877163 0.877163 0.877163 0.868512 0.878893 0.875433 0.891003 0.906574 0.903114 0.892734 0.873702 0.885813 0.890265 0.871972
ALK24438__KR492912.1   0.909408 0.888889 0.895413 0.900917 0.896194 0.880623 0.878893 0.896811 0.903169 0.865052 0.865052 0.885813 0.888889 0.866782 0.863322 0.866782 0.866782 0.866782 0.866782 0.859862 0.868512 0.865052 0.865052 0.865052 0.051903 0.076125 0.067591 0.017301 0.896194 0.048443 0.000000 0.006920 0.866782 0.865052 0.865052 0.866782 0.868512 0.868512 0.865052 0.889273 0.905782 0.884083 0.880623 0.890625 0.902574 0.903114 0.907063 0.894464 0.887912 0.885714 0.865052 0.865052 0.881387 0.866782 0.894464 0.077855 0.865052 0.863322 0.889273 0.904844 0.892929 0.891304 0.865052 0.890625 0.883681 0.890625 0.890625 0.902527 0.880623 0.892734 0.904587 0.883019 0.896194 0.876761 0.897924 0.901384 0.904587 0.875000 0.896811 0.865052 0.855478 0.865052 0.868512 0.868512 0.878893 0.878893 0.877163 0.878893 0.878893 0.885813 0.865052 0.880623 0.877163 0.889273 0.891003 0.906574 0.889273 0.870242 0.880623 0.890265 0.866782
ALK24429__KR492909.1   0.907666 0.890653 0.897248 0.902752 0.882353 0.878893 0.877163 0.896811 0.904930 0.866782 0.866782 0.887543 0.902778 0.868512 0.865052 0.868512 0.868512 0.868512 0.868512 0.861592 0.870242 0.866782 0.866782 0.866782 0.051903 0.076125 0.071057 0.017301 0.897924 0.048443 0.006920 0.000000 0.868512 0.866782 0.866782 0.870242 0.870242 0.870242 0.865052 0.889273 0.905782 0.882353 0.875433 0.883681 0.902574 0.906574 0.907063 0.901384 0.901099 0.885714 0.866782 0.866782 0.881387 0.868512 0.884083 0.079585 0.866782 0.865052 0.899654 0.908304 0.890909 0.887681 0.866782 0.883681 0.883681 0.883681 0.883681 0.902527 0.878893 0.894464 0.904587 0.879245 0.899654 0.876761 0.896194 0.901384 0.899083 0.880814 0.898687 0.866782 0.860140 0.866782 0.870242 0.870242 0.877163 0.877163 0.878893 0.877163 0.877163 0.877163 0.866782 0.878893 0.875433 0.892734 0.892734 0.910035 0.880623 0.868512 0.866782 0.892035 0.868512
ALE60551__KP733862.1   0.874564 0.876543 0.878899 0.860550 0.809309 0.816817 0.815315 0.870544 0.873239 0.013514 0.013514 0.869369 0.041667 0.048048 0.018018 0.022523 0.025526 0.031532 0.030030 0.054054 0.048048 0.012012 0.013514 0.024024 0.870242 0.868512 0.870017 0.866782 0.884384 0.870242 0.866782 0.868512 0.000000 0.013514 0.010511 0.016517 0.049550 0.046547 0.016517 0.872193 0.179872 0.819820 0.815315 0.871528 0.867647 0.884384 0.875465 0.884384 0.890110 0.017143 0.013514 0.015015 0.861314 0.040541 0.815315 0.868739 0.090090 0.016517 0.887387 0.879880 0.882828 0.903986 0.024024 0.871528 0.873264 0.878472 0.873264 0.859206 0.816817 0.875375 0.864220 0.871698 0.894895 0.894366 0.881381 0.891892 0.875229 0.851744 0.868668 0.018018 0.074592 0.013514 0.043544 0.045045 0.813814 0.813814 0.813814 0.813814 0.813814 0.813814 0.015015 0.815315 0.812312 0.809309 0.885886 0.885886 0.806306 0.881381 0.885886 0.876106 0.093093
ALE60548__KP733861.1   0.876307 0.871252 0.877064 0.877064 0.812312 0.821321 0.818318 0.870544 0.873239 0.006006 0.006006 0.869369 0.030093 0.039039 0.009009 0.013514 0.016517 0.022523 0.021021 0.045045 0.039039 0.004505 0.006006 0.016517 0.868512 0.868512 0.871750 0.865052 0.867868 0.868512 0.865052 0.866782 0.013514 0.000000 0.006006 0.009009 0.040541 0.037538 0.009009 0.868739 0.169165 0.818318 0.819820 0.871528 0.867647 0.882883 0.873606 0.887387 0.887912 0.009524 0.006006 0.007508 0.863139 0.031532 0.819820 0.868739 0.081081 0.009009 0.884384 0.879880 0.888889 0.884058 0.016517 0.871528 0.876736 0.876736 0.871528 0.877256 0.821321 0.872372 0.873394 0.871698 0.896396 0.896127 0.885886 0.891892 0.875229 0.857558 0.868668 0.010511 0.072261 0.006006 0.034535 0.036036 0.818318 0.818318 0.818318 0.818318 0.818318 0.818318 0.007508 0.816817 0.816817 0.812312 0.887387 0.884384 0.813814 0.881381 0.905405 0.876106 0.084084
ALE60546__KP733860.1   0.874564 0.871252 0.875229 0.862385 0.812312 0.821321 0.818318 0.870544 0.873239 0.006006 0.006006 0.869369 0.032407 0.040541 0.010511 0.015015 0.018018 0.024024 0.022523 0.046547 0.040541 0.004505 0.006006 0.016517 0.868512 0.868512 0.871750 0.865052 0.885886 0.868512 0.865052 0.866782 0.010511 0.006006 0.000000 0.009009 0.042042 0.039039 0.009009 0.868739 0.171306 0.819820 0.821321 0.875000 0.867647 0.882883 0.873606 0.887387 0.890110 0.007619 0.006006 0.007508 0.863139 0.033033 0.821321 0.868739 0.082583 0.009009 0.888889 0.876877 0.882828 0.896739 0.013514 0.873264 0.875000 0.876736 0.876736 0.879061 0.822823 0.869369 0.875229 0.869811 0.894895 0.896127 0.885886 0.891892 0.875229 0.851744 0.868668 0.010511 0.069930 0.006006 0.036036 0.037538 0.819820 0.819820 0.819820 0.819820 0.819820 0.819820 0.007508 0.818318 0.818318 0.812312 0.884384 0.884384 0.812312 0.881381 0.905405 0.876106 0.085586
ALE60543__KP733859.1   0.874564 0.869489 0.880734 0.860550 0.812312 0.821321 0.818318 0.870544 0.871479 0.009009 0.009009 0.870871 0.037037 0.043544 0.013514 0.018018 0.021021 0.027027 0.025526 0.049550 0.043544 0.007508 0.009009 0.019520 0.868512 0.868512 0.871750 0.865052 0.885886 0.868512 0.866782 0.870242 0.016517 0.009009 0.009009 0.000000 0.045045 0.042042 0.012012 0.870466 0.175589 0.821321 0.819820 0.875000 0.865809 0.882883 0.864312 0.885886 0.890110 0.011429 0.009009 0.010511 0.864964 0.036036 0.818318 0.868739 0.085586 0.012012 0.884384 0.876877 0.878788 0.884058 0.019520 0.871528 0.873264 0.873264 0.876736 0.877256 0.821321 0.873874 0.873394 0.873585 0.896396 0.897887 0.885886 0.891892 0.873394 0.851744 0.868668 0.013514 0.074592 0.009009 0.039039 0.040541 0.818318 0.818318 0.819820 0.818318 0.818318 0.818318 0.010511 0.816817 0.816817 0.812312 0.882883 0.887387 0.812312 0.909910 0.906907 0.877876 0.085586
ALE60540__KP733858.1   0.872822 0.873016 0.882569 0.871560 0.804805 0.807808 0.816817 0.868668 0.878521 0.039039 0.039039 0.866366 0.043981 0.004505 0.037538 0.034535 0.027027 0.030030 0.025526 0.010511 0.004505 0.037538 0.042042 0.043544 0.866782 0.863322 0.864818 0.866782 0.881381 0.870242 0.868512 0.870242 0.049550 0.040541 0.042042 0.045045 0.000000 0.003003 0.042042 0.868739 0.188437 0.815315 0.815315 0.875000 0.869485 0.884384 0.873606 0.887387 0.890110 0.049524 0.039039 0.037538 0.866788 0.040541 0.815315 0.868739 0.085586 0.037538 0.884384 0.876877 0.878788 0.894928 0.052553 0.875000 0.876736 0.876736 0.876736 0.877256 0.807808 0.879880 0.871560 0.869811 0.884384 0.892606 0.872372 0.881381 0.873394 0.848837 0.868668 0.043544 0.062937 0.039039 0.013514 0.004505 0.813814 0.813814 0.813814 0.813814 0.813814 0.813814 0.040541 0.815315 0.812312 0.812312 0.896396 0.885886 0.806306 0.884384 0.900901 0.879646 0.052553
ALE60537__KP733857.1   0.874564 0.873016 0.882569 0.871560 0.804805 0.809309 0.816817 0.870544 0.878521 0.036036 0.036036 0.864865 0.039352 0.001502 0.034535 0.031532 0.027027 0.027027 0.022523 0.007508 0.004505 0.034535 0.039039 0.040541 0.870242 0.863322 0.866551 0.866782 0.881381 0.870242 0.868512 0.870242 0.046547 0.037538 0.039039 0.042042 0.003003 0.000000 0.039039 0.868739 0.186296 0.815315 0.816817 0.875000 0.869485 0.884384 0.871747 0.887387 0.887912 0.045714 0.036036 0.034535 0.868613 0.037538 0.816817 0.868739 0.084084 0.034535 0.884384 0.876877 0.880808 0.894928 0.049550 0.871528 0.873264 0.869792 0.869792 0.879061 0.809309 0.879880 0.873394 0.869811 0.884384 0.892606 0.872372 0.881381 0.873394 0.848837 0.868668 0.040541 0.062937 0.036036 0.010511 0.001502 0.815315 0.815315 0.815315 0.815315 0.815315 0.815315 0.037538 0.813814 0.813814 0.812312 0.887387 0.885886 0.806306 0.885886 0.902402 0.876106 0.049550
AKE98354__KM272863.1   0.869338 0.878307 0.880734 0.867890 0.810811 0.819820 0.816817 0.870544 0.873239 0.006006 0.006006 0.869369 0.032407 0.040541 0.010511 0.015015 0.018018 0.024024 0.022523 0.046547 0.040541 0.004505 0.009009 0.016517 0.868512 0.866782 0.870017 0.863322 0.885886 0.868512 0.865052 0.865052 0.016517 0.009009 0.009009 0.012012 0.042042 0.039039 0.000000 0.872193 0.171306 0.818318 0.818318 0.871528 0.865809 0.882883 0.871747 0.887387 0.887912 0.007619 0.006006 0.007508 0.863139 0.033033 0.818318 0.868739 0.082583 0.009009 0.885886 0.878378 0.888889 0.898551 0.019520 0.871528 0.873264 0.873264 0.873264 0.879061 0.819820 0.875375 0.875229 0.871698 0.894895 0.894366 0.885886 0.891892 0.871560 0.854651 0.868668 0.010511 0.069930 0.006006 0.036036 0.037538 0.816817 0.816817 0.816817 0.816817 0.816817 0.816817 0.007508 0.818318 0.815315 0.810811 0.885886 0.882883 0.810811 0.906907 0.902402 0.876106 0.085586
YP_009134732__KP410261 0.810105 0.772487 0.721101 0.721101 0.894646 0.889465 0.882556 0.714822 0.795775 0.868739 0.868739 0.744387 0.895833 0.882556 0.884283 0.898100 0.875648 0.868739 0.882556 0.868739 0.868739 0.868739 0.870466 0.886010 0.892734 0.889273 0.887348 0.889273 0.734024 0.894464 0.889273 0.889273 0.872193 0.868739 0.868739 0.870466 0.868739 0.868739 0.872193 0.000000 0.882227 0.880829 0.872193 0.795139 0.726103 0.801382 0.717472 0.796200 0.896703 0.893333 0.868739 0.868739 0.737226 0.867012 0.891192 0.889465 0.879102 0.867012 0.773748 0.797927 0.800000 0.809783 0.872193 0.793403 0.791667 0.791667 0.793403 0.725632 0.879102 0.773748 0.715596 0.718868 0.797927 0.781690 0.803109 0.796200 0.719266 0.677326 0.716698 0.870466 0.867133 0.868739 0.870466 0.870466 0.875648 0.875648 0.879102 0.894646 0.894646 0.873921 0.868739 0.877375 0.894646 0.894646 0.739206 0.801382 0.896373 0.721934 0.720207 0.322124 0.899827
AJD76763__KM593913.1   0.888651 0.890792 0.884368 0.880086 0.841542 0.845824 0.843683 0.895075 0.897216 0.169165 0.169165 0.886510 0.136574 0.188437 0.162741 0.167024 0.175589 0.179872 0.173448 0.197002 0.192719 0.167024 0.171306 0.175589 0.905782 0.897216 0.901499 0.907923 0.888651 0.905782 0.905782 0.905782 0.179872 0.169165 0.171306 0.175589 0.188437 0.186296 0.171306 0.882227 0.000000 0.839400 0.847966 0.895075 0.875803 0.882227 0.910064 0.890792 0.894505 0.171306 0.167024 0.169165 0.899358 0.179872 0.843683 0.899358 0.177730 0.169165 0.897216 0.888651 0.888651 0.890792 0.182013 0.895075 0.895075 0.895075 0.892934 0.895075 0.843683 0.871520 0.888651 0.899358 0.888651 0.884368 0.895075 0.890792 0.882227 0.901163 0.888651 0.171306 0.601399 0.167024 0.182013 0.184154 0.843683 0.839400 0.845824 0.845824 0.845824 0.845824 0.171306 0.841542 0.845824 0.839400 0.895075 0.882227 0.847966 0.888651 0.886510 0.886510 0.192719
AJI02597__KM975734.1   0.895470 0.878307 0.893578 0.891743 0.236410 0.175727 0.160556 0.883677 0.867958 0.818318 0.818318 0.882180 0.840278 0.815315 0.816817 0.816817 0.815315 0.816817 0.815315 0.830729 0.815315 0.818318 0.821321 0.824324 0.882353 0.894464 0.889081 0.884083 0.897598 0.882353 0.884083 0.882353 0.819820 0.818318 0.819820 0.821321 0.815315 0.815315 0.818318 0.880829 0.839400 0.000000 0.166877 0.901042 0.880515 0.897878 0.888476 0.886667 0.883516 0.826667 0.818318 0.815315 0.864964 0.816817 0.173198 0.887737 0.816817 0.828125 0.887892 0.894947 0.880808 0.880435 0.818318 0.899306 0.901042 0.897569 0.897569 0.880866 0.168142 0.896774 0.893578 0.873585 0.893758 0.885563 0.896053 0.884462 0.893578 0.857558 0.885553 0.816817 0.773893 0.818318 0.815315 0.815315 0.164349 0.168142 0.175727 0.166877 0.165613 0.161820 0.819820 0.164349 0.166877 0.232911 0.893983 0.897878 0.234177 0.877465 0.876056 0.888496 0.807808
