species,QDH44604__MK736656.1,YP_009666130__KT965075,QBA84896__MK378405.1,QBA84386__MK378116.1,QBA84372__MK378107.1,AMD43872__KT592508.1,C5IY43__undef,YP_009552775__MH500789,YP_009508793__KC339250,YP_009508789__KC339251,QCS26863__MH645362.1,QBM79591__MK091524.1,QBJ04592__MK513532.1,QBJ04579__MK513525.1,YP_009553050__MF682925,YP_009553047__MF682923,YP_009552823__KX583629,YP_009552695__MF682922,YP_009551693__KY214448,AZP54391__MK026553.1,AYX42283__MG821269.1,AYX42281__MG821268.1,AYX42268__MG821264.1,AYX42262__MG821262.1,AYX42259__MG821261.1,AYX42244__MG821255.1,AYX42205__MG821242.1,AYX42190__MG821237.1,AYW35040__MH003836.1,AXQ03905__MG522847.1,AUF34951__MG383448.1,AUF34940__MG383445.1,AWO81967__MG345028.1,YP_009361877__KX981923,YP_009508804__KT868811,YP_009508802__JX627576,YP_009508798__KU321654,YP_009508797__KU321654,YP_009508785__JQ814850,YP_009508781__KM017744,AXN94224__MG905225.1,YP_009389289__KY640438,YP_009315908__KT878839,YP_009315886__KT878837,YP_009272913__KU950356,YP_009259490__KU172421,YP_009241376__LC085675,YP_009227290__KT454512,YP_009215301__KP729195,YP_009186840__KT716186,YP_009154712__KP733794,YP_009130650__AB937988,YP_009058894__AB847987,YP_009010974__KF360033,YP_005097851__JQ037754,AVR53768__MG745682.1,AVR53760__MG745678.1,AVR53758__MG745677.1,AVR53746__MG745672.1,AVR53744__MG745671.1,AVR53742__MG745670.1,AWV66970__MG693108.1,AWB14639__MF416384.1,AWB14637__MF416383.1,AWB14590__MF175080.1,AAY45700__DQ000496.1,AUQ23249__KY564173.1,AUD40075__MF464269.1,AUD40071__MF464268.1,ATX68205__MF444157.1,ATX68203__MF444155.1,ATX68201__MF362633.1,ATV81502__MF682927.1,ATV81500__MF682926.1,ATJ03467__MF285607.1,ATI09457__MF593479.1,APC23176__KT961665.1,ATD50845__MF085373.1,AIF74245__KJ641683.1,AIF74237__KJ641680.1,AIF74198__KJ641663.1,ASC49417__KY640455.1,ASC49334__KY640430.1,ASC49322__KY640427.1,APC23164__KT961659.1,AQX45759__KX343069.1,AQR59123__KX133426.1,AQS80393__KX981980.1,AQS80381__KX981976.1,AQS80297__KX981922.1,AQS80292__KX981921.1,ALT55210__KU295527.1,ALT55209__KU295526.1,ALT55196__KU295513.1,ANY57893__KX272741.1,AEF33726__JF512473.1,ADN44566__GQ869543.1,ADN44563__GQ869542.1,ACY54678__GU108231.1,ALA40028__KT329428.1,BAU69595__LC085666.1,AGF85783__KC580640.1,AAF61213__AF221123.1,AAB95451__AF028705.1,AKI82155__KR261072.1,ADI60252__HM053693.2,AME15917__KT878967.1,AME15900__KT878960.1,AME15895__KT878959.1,AKG54800__KP281720.1,AIW53333__KM254174.1,BAR72999__LC011425.1,BAR42282__LC011438.1,AID57413__KJ396347.1,AIT18928__KJ495710.1,AIC77176__KJ631100.1,AES86015__JN648103.1,AEI99166__HQ291308.1,ADM26648__HQ113143.1,ACR15767__FJ973558.1,AHK26987__KF025386.1,AHK26969__KF025380.1,AHA86835__KF373759.1,AGZ93685__KF792837.1,AGS15085__KF206166.1,AGS15077__KF206164.1,AGS15053__KF206158.1,AGS15039__KF206154.1,AFH96872__JQ692585.1,AFD01617__JN798211.1,AFD01602__JN798204.1,ABV71710__EU175872.1,AAA66612__M20036.1,AEX38011__JQ037753.1,AEX30511__JN831651.1,AEQ76796__JF504699.1,AEP95278__JN202450.1,AEO37417__JF429834.1,AEM37643__JN420372.1,AEM37606__JN420365.1,AEM37593__JN420361.1,ACT09660__GQ200736.1,ADP36995__HQ223038.1,AAD13755__AF085716.1,ADD17085__GU226971.1,ADF32027__GU938300.1,ADK34009__HM145750.1,AAR26464__AY388617.1,AAR07954__AY349010.1,AAC40229__U44978.1,AAA83224__U22967.1,AAA74973__U26342.1,AAC03775__AF043303.1,ADB20207__GQ387499.1,ADD22705__GU214704.1,ACD37375__EU659111.1,ABY67706__EU200677.1,ABY67682__EU200669.1,AAO32086__AY186198.1,AAN03856__AF513852.1,AAL09673__AF406967.1,AAL09671__AF406966.1,AAL55416__AY064475.1,AAF61212__AF221122.1,ACH81927__EU918736.1,ACL31580__FJ214110.1,ABI16638__DQ813647.1,ABC69727__DQ335247.1,CAA66227__X97629.1,CAA25689__X01457.1,AIZ50117__KP120516.1,AIE58040__KM035804.1,AGW95844__KC876004.1,AAC40694__AF036710.1
QDH44604__MK736656.1,0.000000,0.800000,0.738437,0.767726,0.753425,0.808612,0.792663,0.779089,0.800638,0.808612,0.810207,0.798635,0.870813,0.790576,0.813397,0.800638,0.580542,0.817308,0.821372,0.551402,0.894737,0.848485,0.845295,0.851675,0.843700,0.848485,0.851675,0.851675,0.808612,0.862069,0.833916,0.851675,0.775777,0.848485,0.795853,0.816587,0.791069,0.794258,0.791069,0.803828,0.822967,0.810207,0.850420,0.767145,0.813397,0.794258,0.813397,0.803828,0.799043,0.811802,0.704425,0.805423,0.802233,0.813397,0.744000,0.818182,0.800638,0.593301,0.813725,0.768740,0.755981,0.797448,0.553982,0.534965,0.814992,0.808612,0.852101,0.813397,0.816467,0.854701,0.844444,0.852991,0.574163,0.610845,0.850080,0.793367,0.822967,0.819777,0.778004,0.823627,0.828371,0.807018,0.819777,0.818182,0.770335,0.821372,0.807018,0.850080,0.856459,0.853270,0.850080,0.850080,0.856459,0.848485,0.880383,0.808612,0.762360,0.883573,0.842105,0.850080,0.773723,0.811802,0.783094,0.583333,0.737245,0.807018,0.851648,0.846890,0.846890,0.808612,0.869219,0.800322,0.814458,0.850080,0.814400,0.813397,0.818182,0.829346,0.755981,0.802233,0.824561,0.807018,0.771930,0.800638,0.811802,0.816587,0.819777,0.807018,0.811802,0.751196,0.819777,0.776715,0.847458,0.748006,0.805423,0.757576,0.859649,0.818182,0.573333,0.810207,0.816587,0.759171,0.827751,0.536066,0.593801,0.754386,0.805423,0.559016,0.704626,0.805423,0.106858,0.778309,0.590982,0.759197,0.811802,0.803828,0.749601,0.752791,0.580542,0.600000,0.775120,0.789572,0.800638,0.784689,0.810207,0.802233,0.574879,0.786284,0.853226,0.810207,0.737113,0.792043,0.810207,0.805423
YP_009666130__KT965075,0.800000,0.000000,0.822951,0.765281,0.739726,0.808197,0.804918,0.814503,0.803279,0.813115,0.352459,0.825939,0.888525,0.816754,0.824590,0.821311,0.795082,0.804918,0.826230,0.752336,0.900000,0.816393,0.804918,0.813115,0.814754,0.798361,0.804918,0.803279,0.808197,0.867514,0.858392,0.877049,0.821311,0.800000,0.427869,0.383607,0.801639,0.816393,0.811475,0.826230,0.816393,0.814754,0.806723,0.831148,0.808197,0.818033,0.449180,0.808197,0.826230,0.413115,0.805310,0.391803,0.418033,0.811475,0.813115,0.809836,0.618033,0.814754,0.834426,0.839344,0.814754,0.804918,0.791150,0.788462,0.804918,0.824590,0.808403,0.806557,0.819897,0.810256,0.805128,0.805128,0.786885,0.804918,0.822951,0.803571,0.821311,0.822951,0.619145,0.828619,0.798599,0.803279,0.808197,0.806557,0.811475,0.826230,0.824590,0.798361,0.804918,0.800000,0.813115,0.804918,0.808197,0.813115,0.890164,0.806557,0.840984,0.934426,0.804918,0.806557,0.354015,0.808197,0.821311,0.798361,0.522959,0.827869,0.811355,0.814754,0.803279,0.811475,0.881967,0.396721,0.387952,0.804918,0.588525,0.611475,0.822951,0.811475,0.821311,0.809836,0.809836,0.806557,0.804918,0.816393,0.818033,0.816393,0.816393,0.818033,0.811475,0.827869,0.873770,0.840984,0.803390,0.818033,0.811475,0.822951,0.803279,0.809836,0.793333,0.811475,0.795082,0.819672,0.816393,0.796721,0.800000,0.839344,0.822951,0.813115,0.806050,0.593443,0.796721,0.818033,0.798361,0.822742,0.824590,0.614754,0.822951,0.827869,0.800000,0.798361,0.819672,0.832402,0.824590,0.822951,0.826230,0.821311,0.798361,0.822951,0.809836,0.613115,0.816151,0.815552,0.832787,0.609836
QBA84896__MK378405.1,0.738437,0.822951,0.000000,0.772616,0.753425,0.821752,0.815710,0.689713,0.832326,0.829305,0.827586,0.689420,0.879310,0.788831,0.835347,0.820242,0.736111,0.833333,0.808157,0.684579,0.902632,0.872075,0.864275,0.872075,0.867395,0.861154,0.867395,0.862715,0.826284,0.876588,0.846154,0.862538,0.461538,0.856474,0.843703,0.836858,0.818731,0.823263,0.835347,0.818731,0.831790,0.818731,0.860504,0.764615,0.832326,0.814199,0.844237,0.820242,0.812689,0.819876,0.759292,0.837246,0.823263,0.836858,0.736000,0.841390,0.823263,0.762840,0.815359,0.787975,0.783333,0.827795,0.734513,0.723776,0.823263,0.834116,0.872269,0.827795,0.828473,0.871795,0.866667,0.866667,0.764526,0.753776,0.862715,0.795918,0.848998,0.843077,0.782077,0.818636,0.856392,0.818731,0.817221,0.806647,0.771903,0.849462,0.823263,0.868955,0.858034,0.864275,0.858034,0.861154,0.868955,0.865835,0.870031,0.827795,0.770440,0.886792,0.862715,0.865835,0.799270,0.820242,0.790030,0.745192,0.772959,0.841390,0.866300,0.858034,0.858034,0.821752,0.880665,0.818035,0.824096,0.861154,0.824000,0.840945,0.839506,0.840945,0.756798,0.829688,0.844411,0.814199,0.787009,0.820242,0.833837,0.827795,0.815710,0.824773,0.821752,0.765861,0.826284,0.777946,0.867797,0.765861,0.823263,0.778963,0.872441,0.820242,0.745000,0.824773,0.817221,0.787009,0.842767,0.726230,0.721044,0.744713,0.821752,0.729508,0.761566,0.826284,0.736842,0.773414,0.731079,0.463211,0.824773,0.850453,0.784591,0.757669,0.758308,0.732800,0.791091,0.689013,0.808157,0.811178,0.835098,0.829305,0.727858,0.808157,0.875806,0.835347,0.723368,0.772152,0.816165,0.845921
QBA84386__MK378116.1,0.767726,0.765281,0.772616,0.000000,0.106849,0.537897,0.540342,0.765281,0.513447,0.515892,0.770171,0.777506,0.860636,0.574572,0.525672,0.569682,0.760391,0.569682,0.530562,0.755501,0.910526,0.833741,0.816626,0.809291,0.821516,0.819071,0.816626,0.821516,0.528117,0.716381,0.638142,0.684597,0.779951,0.811736,0.787286,0.784841,0.564792,0.564792,0.567237,0.555012,0.535452,0.589242,0.826406,0.787286,0.547677,0.623472,0.779951,0.528117,0.574572,0.770171,0.792176,0.765281,0.772616,0.217604,0.765281,0.540342,0.743276,0.753056,0.709046,0.821516,0.777506,0.564792,0.779951,0.755501,0.535452,0.569682,0.828851,0.508557,0.557457,0.841076,0.843521,0.831296,0.760391,0.755501,0.804401,0.619898,0.496333,0.545232,0.765281,0.547677,0.823961,0.601467,0.369193,0.371638,0.765281,0.569682,0.731051,0.828851,0.814181,0.821516,0.823961,0.819071,0.821516,0.799511,0.858191,0.185819,0.784841,0.909535,0.811736,0.814181,0.784672,0.523227,0.772616,0.777506,0.770408,0.533007,0.838631,0.814181,0.816626,0.533007,0.865526,0.779951,0.855746,0.811736,0.750611,0.760391,0.535452,0.550122,0.779951,0.552567,0.176039,0.158924,0.770171,0.542787,0.227384,0.220049,0.215159,0.217604,0.542787,0.772616,0.860636,0.777506,0.841076,0.775061,0.129584,0.779951,0.816626,0.217604,0.755501,0.528117,0.552567,0.718826,0.542787,0.767726,0.760391,0.777506,0.567237,0.760391,0.770171,0.772616,0.767726,0.765281,0.787286,0.777506,0.735941,0.765281,0.782396,0.775061,0.753056,0.770171,0.762836,0.775061,0.731051,0.770171,0.567237,0.557457,0.779951,0.603912,0.838631,0.760391,0.762836,0.770171,0.735941,0.757946
QBA84372__MK378107.1,0.753425,0.739726,0.753425,0.106849,0.000000,0.515068,0.498630,0.742466,0.484932,0.493151,0.742466,0.778082,0.857534,0.547945,0.493151,0.564384,0.742466,0.545205,0.493151,0.742466,0.909589,0.819178,0.808219,0.802740,0.810959,0.800000,0.810959,0.813699,0.498630,0.687671,0.624658,0.665753,0.767123,0.797260,0.758904,0.758904,0.553425,0.553425,0.547945,0.526027,0.498630,0.558904,0.824658,0.772603,0.504110,0.605479,0.745205,0.487671,0.534247,0.739726,0.783562,0.745205,0.747945,0.219178,0.761644,0.484932,0.728767,0.742466,0.690411,0.808219,0.764384,0.512329,0.758904,0.745205,0.495890,0.526027,0.827397,0.476712,0.515068,0.827397,0.827397,0.827397,0.747945,0.742466,0.786301,0.589041,0.463014,0.501370,0.739726,0.515068,0.805479,0.556164,0.353425,0.358904,0.758904,0.553425,0.712329,0.805479,0.805479,0.802740,0.805479,0.800000,0.805479,0.800000,0.860274,0.183562,0.769863,0.915068,0.802740,0.802740,0.781022,0.484932,0.761644,0.742466,0.753425,0.493151,0.832877,0.800000,0.794521,0.490411,0.857534,0.750685,0.843836,0.802740,0.739726,0.734247,0.493151,0.512329,0.761644,0.506849,0.180822,0.161644,0.758904,0.517808,0.208219,0.202740,0.205479,0.208219,0.509589,0.761644,0.846575,0.758904,0.821918,0.772603,0.147945,0.775342,0.805479,0.191781,0.742466,0.495890,0.534247,0.709589,0.504110,0.753425,0.739726,0.772603,0.534247,0.756164,0.767123,0.747945,0.750685,0.758904,0.753425,0.767123,0.715068,0.734247,0.764384,0.764384,0.734247,0.745205,0.753425,0.769863,0.726027,0.783562,0.526027,0.520548,0.745205,0.564384,0.821918,0.728767,0.745205,0.767123,0.720548,0.726027
AMD43872__KT592508.1,0.808612,0.808197,0.821752,0.537897,0.515068,0.000000,0.643041,0.816189,0.562753,0.553866,0.811912,0.834471,0.873041,0.668412,0.595691,0.600587,0.807099,0.575321,0.608365,0.752336,0.881579,0.848674,0.833073,0.829953,0.829953,0.826833,0.823713,0.822153,0.599746,0.729583,0.681818,0.700405,0.828151,0.831513,0.802731,0.830075,0.583446,0.621039,0.629167,0.584284,0.574074,0.704689,0.821849,0.835385,0.576679,0.676806,0.800623,0.598945,0.643454,0.816770,0.785841,0.804382,0.821694,0.632684,0.804800,0.573082,0.797619,0.810321,0.785948,0.846519,0.828788,0.598675,0.798230,0.793706,0.589610,0.610329,0.825210,0.531052,0.542024,0.825641,0.823932,0.829060,0.805810,0.807808,0.829953,0.316327,0.506934,0.569231,0.769857,0.299501,0.823117,0.703422,0.640514,0.675539,0.822511,0.569892,0.801153,0.826833,0.825273,0.829953,0.831513,0.828393,0.822153,0.826833,0.900612,0.635682,0.828616,0.938679,0.826833,0.828393,0.751825,0.377892,0.821429,0.809295,0.770408,0.573257,0.815018,0.823713,0.822153,0.534031,0.876672,0.818035,0.775904,0.836193,0.790400,0.798425,0.498457,0.552756,0.829563,0.584375,0.638681,0.684411,0.808383,0.581749,0.641679,0.641369,0.669202,0.657382,0.579214,0.835843,0.879336,0.841629,0.822034,0.841040,0.626687,0.829268,0.822047,0.625187,0.785000,0.565272,0.550063,0.811533,0.540881,0.804918,0.797716,0.833579,0.651458,0.798361,0.791815,0.799094,0.808612,0.828239,0.809984,0.807692,0.805476,0.803892,0.827044,0.829755,0.815710,0.804800,0.812596,0.813780,0.798808,0.828697,0.614221,0.536176,0.811594,0.681876,0.830645,0.802083,0.800687,0.828210,0.771791,0.795827
C5IY43__undef,0.792663,0.804918,0.815710,0.540342,0.498630,0.643041,0.000000,0.822934,0.638327,0.614691,0.815047,0.815700,0.902821,0.636998,0.670103,0.627019,0.802469,0.604167,0.659794,0.747664,0.886842,0.856474,0.839314,0.836193,0.836193,0.837754,0.831513,0.831513,0.637887,0.382940,0.382867,0.353576,0.823241,0.837754,0.814871,0.804511,0.655360,0.673969,0.647222,0.644330,0.623457,0.668814,0.833613,0.824615,0.650773,0.679124,0.806854,0.646438,0.662953,0.812112,0.792920,0.809077,0.800892,0.640180,0.801600,0.648336,0.794643,0.815900,0.771242,0.838608,0.839394,0.676821,0.785841,0.795455,0.640260,0.225352,0.840336,0.621134,0.600343,0.835897,0.834188,0.839316,0.807339,0.810811,0.836193,0.568878,0.588598,0.613846,0.773931,0.623960,0.816112,0.679124,0.650499,0.668814,0.805195,0.622120,0.799712,0.845554,0.836193,0.833073,0.834633,0.836193,0.837754,0.831513,0.871560,0.643178,0.828616,0.935535,0.836193,0.840874,0.740876,0.631443,0.812500,0.818910,0.765306,0.635846,0.827839,0.842434,0.837754,0.632199,0.857355,0.806763,0.775904,0.845554,0.795200,0.795276,0.586420,0.617323,0.808446,0.095312,0.641679,0.677835,0.809880,0.657216,0.652174,0.636905,0.671392,0.669916,0.640464,0.828313,0.879336,0.844646,0.832203,0.835260,0.644678,0.830793,0.831496,0.631184,0.806667,0.631443,0.635309,0.811533,0.614780,0.806557,0.797716,0.832106,0.284794,0.801639,0.802491,0.790030,0.799043,0.812227,0.809984,0.822742,0.804035,0.811377,0.817610,0.826687,0.809668,0.814400,0.812596,0.813780,0.803279,0.824305,0.270802,0.634367,0.809984,0.661082,0.837097,0.803571,0.804124,0.820976,0.787639,0.803279
YP_009552775__MH500789,0.779089,0.814503,0.689713,0.765281,0.742466,0.816189,0.822934,0.000000,0.817875,0.817875,0.821248,0.725256,0.880270,0.792321,0.816189,0.809444,0.785835,0.809444,0.817875,0.731308,0.902632,0.858347,0.854975,0.853288,0.848229,0.853288,0.846543,0.849916,0.802698,0.885662,0.849650,0.854975,0.701518,0.848229,0.816189,0.831366,0.807757,0.816189,0.811130,0.795953,0.817875,0.799325,0.853288,0.757167,0.817875,0.816189,0.814503,0.806071,0.806071,0.822934,0.784071,0.826307,0.797639,0.806071,0.762226,0.809444,0.821248,0.770658,0.807757,0.785835,0.770658,0.795953,0.766372,0.751748,0.807757,0.826307,0.861720,0.795953,0.813036,0.861538,0.863248,0.856410,0.767285,0.768971,0.860034,0.790816,0.811130,0.814503,0.800407,0.821248,0.842382,0.809444,0.792580,0.797639,0.775717,0.819562,0.794266,0.853288,0.854975,0.846543,0.861720,0.856661,0.851602,0.849916,0.873524,0.795953,0.770658,0.898820,0.846543,0.848229,0.791971,0.802698,0.785835,0.762226,0.778061,0.812816,0.853480,0.843170,0.846543,0.807757,0.880270,0.822934,0.833735,0.844857,0.822934,0.822934,0.817875,0.801012,0.753794,0.826307,0.804384,0.784148,0.772344,0.807757,0.794266,0.799325,0.790894,0.782462,0.807757,0.755481,0.821248,0.794266,0.859322,0.772344,0.797639,0.752108,0.854975,0.795953,0.758853,0.790894,0.802698,0.768971,0.814503,0.768971,0.770658,0.780776,0.824621,0.772344,0.777580,0.811130,0.772344,0.789207,0.763912,0.709949,0.799325,0.822934,0.760540,0.747049,0.772344,0.762226,0.772344,0.685289,0.789207,0.799325,0.816189,0.799325,0.762226,0.812816,0.860034,0.816189,0.756014,0.752260,0.802698,0.812816
YP_009508793__KC339250,0.800638,0.803279,0.832326,0.513447,0.484932,0.562753,0.638327,0.817875,0.000000,0.257760,0.815047,0.836177,0.877743,0.631763,0.616734,0.606461,0.810185,0.567308,0.615385,0.764019,0.894737,0.865835,0.842434,0.850234,0.851794,0.845554,0.843994,0.840874,0.578947,0.733212,0.694056,0.705803,0.829787,0.842434,0.825493,0.821053,0.605156,0.620783,0.659722,0.570850,0.580247,0.668016,0.842017,0.836923,0.573549,0.690958,0.813084,0.608637,0.630919,0.804348,0.791150,0.810642,0.821694,0.625187,0.808000,0.613603,0.803571,0.825662,0.774510,0.849684,0.821212,0.615385,0.812389,0.809441,0.591093,0.604069,0.847059,0.549258,0.545455,0.841026,0.835897,0.847863,0.825688,0.822823,0.845554,0.525510,0.545455,0.587692,0.767821,0.540765,0.847636,0.674764,0.639087,0.647773,0.829726,0.606759,0.789625,0.842434,0.845554,0.850234,0.845554,0.840874,0.840874,0.843994,0.873089,0.634183,0.838050,0.941824,0.842434,0.839314,0.748175,0.566802,0.830357,0.815705,0.775510,0.596017,0.835165,0.845554,0.831513,0.573549,0.878158,0.816425,0.775904,0.850234,0.806400,0.807874,0.530864,0.581102,0.829563,0.615625,0.632684,0.646424,0.821856,0.561404,0.647676,0.630952,0.641026,0.649025,0.566802,0.831325,0.874811,0.849170,0.837288,0.843931,0.625187,0.832317,0.833071,0.626687,0.803333,0.529015,0.546559,0.808720,0.581761,0.795082,0.800979,0.837997,0.614035,0.793443,0.800712,0.812689,0.805423,0.835517,0.816425,0.826087,0.791066,0.815868,0.823899,0.831288,0.817221,0.811200,0.807988,0.815642,0.801788,0.840410,0.609682,0.588394,0.816425,0.685560,0.843548,0.803571,0.798969,0.817360,0.771791,0.800298
YP_009508789__KC339251,0.808612,0.813115,0.829305,0.515892,0.493151,0.553866,0.614691,0.817875,0.257760,0.000000,0.811912,0.832765,0.876176,0.630017,0.640605,0.600587,0.802469,0.557692,0.637953,0.752336,0.881579,0.853354,0.828393,0.840874,0.837754,0.839314,0.836193,0.843994,0.585769,0.727768,0.685315,0.697706,0.823241,0.836193,0.823976,0.818045,0.580733,0.630462,0.661111,0.590452,0.589506,0.704120,0.826891,0.826154,0.611735,0.695381,0.809969,0.621372,0.612813,0.810559,0.805310,0.790297,0.818722,0.620690,0.804800,0.594790,0.802083,0.814505,0.776144,0.856013,0.828788,0.615894,0.805310,0.809441,0.580519,0.583725,0.831933,0.557377,0.545455,0.830769,0.823932,0.837607,0.811927,0.815315,0.836193,0.466837,0.513097,0.569231,0.792261,0.519135,0.844133,0.696629,0.619116,0.654088,0.825397,0.582181,0.799712,0.831513,0.834633,0.839314,0.831513,0.833073,0.834633,0.836193,0.903670,0.619190,0.841195,0.941824,0.842434,0.831513,0.751825,0.577121,0.828869,0.807692,0.778061,0.588905,0.818681,0.837754,0.825273,0.526178,0.875186,0.808374,0.773494,0.842434,0.816000,0.803150,0.487654,0.562205,0.832579,0.571875,0.623688,0.666667,0.821856,0.603513,0.635682,0.613095,0.662921,0.644847,0.599251,0.831325,0.873303,0.852187,0.830508,0.839595,0.619190,0.829268,0.828346,0.616192,0.803333,0.554307,0.538462,0.822785,0.545597,0.800000,0.809135,0.826215,0.632959,0.793443,0.793594,0.820242,0.816587,0.829694,0.818035,0.816054,0.801153,0.811377,0.830189,0.829755,0.808157,0.809600,0.814132,0.811918,0.813711,0.837482,0.593041,0.572351,0.821256,0.705368,0.835484,0.797619,0.809278,0.815552,0.790808,0.794337
QCS26863__MH645362.1,0.810207,0.352459,0.827586,0.770171,0.742466,0.811912,0.815047,0.821248,0.815047,0.811912,0.000000,0.825939,0.893417,0.813264,0.835423,0.827586,0.799373,0.810897,0.833856,0.757009,0.884211,0.829154,0.807210,0.819749,0.821317,0.807210,0.808777,0.802508,0.816614,0.876588,0.863636,0.868339,0.816694,0.816614,0.448276,0.420063,0.824451,0.822884,0.815047,0.818182,0.822884,0.811912,0.811765,0.826019,0.808777,0.829154,0.429467,0.818182,0.832288,0.423197,0.805310,0.424765,0.448276,0.813480,0.827200,0.826019,0.634796,0.826019,0.818627,0.849684,0.815047,0.794671,0.789381,0.788462,0.804075,0.836991,0.810084,0.815047,0.816467,0.803419,0.803419,0.806838,0.804075,0.808777,0.816614,0.803571,0.807210,0.821317,0.615071,0.823627,0.807356,0.815047,0.807210,0.818182,0.829154,0.822884,0.822884,0.800940,0.805643,0.813480,0.822884,0.807210,0.810345,0.815047,0.905956,0.807210,0.842767,0.938679,0.815047,0.815047,0.335766,0.813480,0.830721,0.796474,0.512755,0.827586,0.802198,0.816614,0.811912,0.818182,0.890282,0.421900,0.431325,0.810345,0.585600,0.614173,0.819749,0.826772,0.835423,0.822884,0.810345,0.821317,0.833856,0.816614,0.813480,0.811912,0.816614,0.816614,0.818182,0.829154,0.868339,0.858934,0.798305,0.833856,0.811912,0.822884,0.809449,0.810345,0.800000,0.821317,0.826019,0.829154,0.820755,0.806557,0.809135,0.841693,0.826019,0.808197,0.798932,0.611285,0.814992,0.822884,0.790660,0.816054,0.826019,0.612853,0.828616,0.833856,0.805643,0.801600,0.835423,0.826816,0.843260,0.840125,0.832288,0.797806,0.787440,0.815047,0.808065,0.631661,0.823024,0.822785,0.830428,0.622257
QBM79591__MK091524.1,0.798635,0.825939,0.689420,0.777506,0.778082,0.834471,0.815700,0.725256,0.836177,0.832765,0.825939,0.000000,0.899317,0.823735,0.825939,0.836177,0.766212,0.832765,0.825939,0.754673,0.902632,0.863481,0.868601,0.870307,0.866894,0.860068,0.860068,0.861775,0.832765,0.883848,0.858392,0.858362,0.701365,0.861775,0.825939,0.820819,0.817406,0.827645,0.831058,0.839590,0.843003,0.827645,0.878840,0.779863,0.825939,0.824232,0.825939,0.839590,0.836177,0.813993,0.800000,0.817406,0.834471,0.831058,0.788396,0.837884,0.831058,0.779863,0.837884,0.781570,0.795222,0.831058,0.753982,0.776224,0.832765,0.825939,0.872014,0.815700,0.843911,0.875214,0.875214,0.882051,0.788396,0.781570,0.865188,0.818878,0.829352,0.825939,0.806517,0.846416,0.873905,0.815700,0.812287,0.822526,0.807167,0.844710,0.831058,0.866894,0.868601,0.865188,0.858362,0.868601,0.858362,0.865188,0.899317,0.822526,0.774744,0.892491,0.865188,0.863481,0.821168,0.832765,0.798635,0.773038,0.788265,0.827645,0.873626,0.863481,0.856655,0.841297,0.906143,0.815700,0.860241,0.866894,0.822526,0.837884,0.839590,0.841297,0.759386,0.827645,0.829352,0.829352,0.803754,0.839590,0.836177,0.825939,0.829352,0.832765,0.831058,0.745734,0.824232,0.790102,0.870307,0.766212,0.812287,0.764505,0.865188,0.831058,0.790102,0.834471,0.829352,0.784983,0.844710,0.793515,0.769625,0.793515,0.824232,0.784983,0.800712,0.837884,0.781570,0.805461,0.776451,0.704778,0.827645,0.836177,0.761092,0.766212,0.796928,0.779863,0.786689,0.532588,0.817406,0.808874,0.825939,0.831058,0.773038,0.832765,0.873720,0.844710,0.783505,0.781193,0.824232,0.822526
QBJ04592__MK513532.1,0.870813,0.888525,0.879310,0.860636,0.857534,0.873041,0.902821,0.880270,0.877743,0.876176,0.893417,0.899317,0.000000,0.886562,0.876176,0.882445,0.882445,0.883013,0.868339,0.852804,0.892105,0.905956,0.898119,0.894984,0.898119,0.893417,0.894984,0.896552,0.869906,0.936479,0.898601,0.902821,0.887070,0.898119,0.907524,0.885580,0.874608,0.876176,0.876176,0.866771,0.896552,0.877743,0.885714,0.876176,0.868339,0.879310,0.896552,0.882445,0.873041,0.899687,0.877876,0.894984,0.890282,0.891850,0.875200,0.905956,0.894984,0.877743,0.883987,0.886076,0.902821,0.877743,0.881416,0.879371,0.899687,0.904389,0.890756,0.884013,0.902230,0.895726,0.894017,0.885470,0.904389,0.880878,0.890282,0.869898,0.899687,0.887147,0.865580,0.871880,0.898424,0.874608,0.891850,0.904389,0.890282,0.915361,0.904389,0.894984,0.896552,0.890282,0.902821,0.899687,0.896552,0.896552,0.708464,0.912226,0.893082,0.932390,0.899687,0.894984,0.886861,0.879310,0.873041,0.868590,0.864796,0.882445,0.895604,0.896552,0.898119,0.879310,0.681818,0.888889,0.891566,0.899687,0.889600,0.899213,0.893417,0.892913,0.882445,0.912226,0.884013,0.873041,0.863636,0.874608,0.893417,0.887147,0.876176,0.877743,0.876176,0.877743,0.918495,0.898119,0.893220,0.877743,0.882445,0.869906,0.878740,0.888715,0.883333,0.884013,0.896552,0.869906,0.894654,0.895082,0.889070,0.876176,0.898119,0.893443,0.880783,0.894984,0.872408,0.879310,0.867955,0.882943,0.904389,0.896552,0.907233,0.879310,0.871473,0.888000,0.877743,0.886406,0.879310,0.887147,0.901254,0.874608,0.874396,0.873041,0.888710,0.893417,0.869416,0.875226,0.900158,0.898119
QBJ04579__MK513525.1,0.790576,0.816754,0.788831,0.574572,0.547945,0.668412,0.636998,0.792321,0.631763,0.630017,0.813264,0.823735,0.886562,0.000000,0.643979,0.640489,0.776614,0.668412,0.640489,0.757009,0.902632,0.870855,0.848168,0.848168,0.844677,0.853403,0.848168,0.848168,0.661431,0.785844,0.765734,0.732984,0.811518,0.846422,0.813264,0.818499,0.636998,0.643979,0.654450,0.638743,0.668412,0.706806,0.856894,0.808028,0.666667,0.698080,0.818499,0.645724,0.661431,0.813264,0.800000,0.815009,0.795812,0.682373,0.785340,0.684119,0.808028,0.776614,0.788831,0.841187,0.808028,0.649215,0.810619,0.800699,0.650960,0.675393,0.860384,0.636998,0.664921,0.856894,0.865620,0.865620,0.790576,0.794066,0.841187,0.627551,0.661431,0.661431,0.763747,0.633508,0.873905,0.682373,0.656195,0.649215,0.799302,0.668412,0.794066,0.849913,0.846422,0.849913,0.849913,0.846422,0.842932,0.844677,0.848168,0.685864,0.816754,0.928447,0.848168,0.846422,0.781022,0.631763,0.804538,0.776614,0.760204,0.654450,0.866300,0.848168,0.848168,0.621291,0.869110,0.816754,0.826506,0.849913,0.820244,0.820244,0.638743,0.652705,0.808028,0.663176,0.678883,0.633508,0.802792,0.631763,0.685864,0.685864,0.682373,0.687609,0.638743,0.815009,0.863874,0.816754,0.860384,0.827225,0.684119,0.820244,0.844677,0.682373,0.795812,0.664921,0.617801,0.781850,0.640489,0.773124,0.787086,0.811518,0.678883,0.780105,0.788256,0.816754,0.797557,0.804538,0.797557,0.808028,0.792321,0.799302,0.808028,0.809773,0.797557,0.790576,0.794066,0.817505,0.804538,0.795812,0.671902,0.619546,0.785340,0.649215,0.856894,0.809773,0.801047,0.810127,0.787086,0.799302
YP_009553050__MF682925,0.813397,0.824590,0.835347,0.525672,0.493151,0.595691,0.670103,0.816189,0.616734,0.640605,0.835423,0.825939,0.876176,0.643979,0.000000,0.632893,0.811728,0.599359,0.655738,0.773364,0.900000,0.864275,0.853354,0.853354,0.856474,0.853354,0.850234,0.854914,0.598475,0.756806,0.709790,0.721997,0.816694,0.845554,0.842185,0.827068,0.625509,0.640605,0.686111,0.607818,0.560185,0.709962,0.848739,0.816923,0.621690,0.718789,0.831776,0.604222,0.651811,0.815217,0.803540,0.830986,0.826152,0.634183,0.820800,0.612156,0.797619,0.813110,0.800654,0.841772,0.833333,0.625166,0.801770,0.807692,0.585714,0.616588,0.845378,0.563682,0.566038,0.854701,0.852991,0.854701,0.818043,0.821321,0.854914,0.525510,0.520801,0.583077,0.796334,0.545757,0.824869,0.708701,0.651926,0.674653,0.828283,0.606759,0.811239,0.856474,0.851794,0.845554,0.845554,0.848674,0.843994,0.850234,0.882263,0.619190,0.823899,0.918239,0.853354,0.856474,0.766423,0.583548,0.831845,0.820513,0.775510,0.571835,0.844322,0.851794,0.847114,0.595550,0.873700,0.832528,0.787952,0.864275,0.812800,0.814173,0.543210,0.574803,0.812971,0.628125,0.617691,0.667087,0.811377,0.614124,0.647676,0.651786,0.670870,0.658774,0.609079,0.813253,0.867270,0.835596,0.849153,0.826590,0.619190,0.812500,0.842520,0.637181,0.806667,0.593947,0.615385,0.812940,0.566038,0.801639,0.809135,0.826215,0.662043,0.804918,0.800712,0.823263,0.814992,0.828239,0.824477,0.819398,0.814121,0.820359,0.809748,0.822086,0.827795,0.812800,0.818740,0.811918,0.815201,0.827233,0.635401,0.616279,0.814815,0.715006,0.856452,0.808036,0.798969,0.819168,0.805071,0.813711
YP_009553047__MF682923,0.800638,0.821311,0.820242,0.569682,0.564384,0.600587,0.627019,0.809444,0.606461,0.600587,0.827586,0.836177,0.882445,0.640489,0.632893,0.000000,0.810185,0.427885,0.624082,0.757009,0.902632,0.868955,0.865835,0.865835,0.865835,0.868955,0.867395,0.864275,0.632893,0.760436,0.715035,0.697504,0.826514,0.847114,0.854325,0.848120,0.450808,0.474302,0.666667,0.618209,0.638889,0.684288,0.852101,0.829231,0.597651,0.671072,0.841121,0.625551,0.672540,0.846273,0.808850,0.840376,0.845468,0.665667,0.803200,0.668135,0.834821,0.813510,0.799020,0.849684,0.827273,0.651982,0.803540,0.802448,0.585903,0.641628,0.860504,0.597651,0.617496,0.859829,0.861538,0.868376,0.819572,0.821321,0.867395,0.594388,0.594761,0.658462,0.804481,0.594010,0.851138,0.693098,0.671072,0.651982,0.820852,0.433180,0.814978,0.867395,0.865835,0.867395,0.856474,0.867395,0.861154,0.864275,0.859327,0.667166,0.834906,0.933962,0.862715,0.865835,0.799270,0.609398,0.827381,0.830128,0.778061,0.635830,0.857143,0.862715,0.861154,0.610866,0.866270,0.835749,0.833735,0.870515,0.828800,0.834646,0.606481,0.655118,0.823529,0.635938,0.670165,0.657856,0.815868,0.603524,0.682159,0.672619,0.657856,0.674009,0.615272,0.826807,0.871795,0.840121,0.866102,0.829662,0.673163,0.827744,0.861417,0.661169,0.803333,0.600587,0.600587,0.814978,0.650943,0.808197,0.807504,0.826215,0.649046,0.800000,0.816726,0.836858,0.800638,0.835536,0.829308,0.817726,0.812041,0.844311,0.823899,0.829755,0.811178,0.827200,0.794163,0.823091,0.800298,0.839941,0.649017,0.640235,0.829308,0.688693,0.872581,0.836310,0.819588,0.833635,0.811410,0.842027
YP_009552823__KX583629,0.580542,0.795082,0.736111,0.760391,0.742466,0.807099,0.802469,0.785835,0.810185,0.802469,0.799373,0.766212,0.882445,0.776614,0.811728,0.810185,0.000000,0.822115,0.820988,0.490654,0.897368,0.850234,0.847114,0.848674,0.854914,0.839314,0.851794,0.854914,0.808642,0.865699,0.837413,0.848765,0.756137,0.843994,0.810185,0.810185,0.810185,0.808642,0.808642,0.811728,0.813272,0.817901,0.845378,0.763889,0.802469,0.799383,0.809969,0.810185,0.808642,0.815217,0.684956,0.807512,0.814815,0.804012,0.755200,0.810185,0.796296,0.625000,0.794118,0.775316,0.756173,0.807099,0.573451,0.557692,0.816358,0.826291,0.855462,0.805556,0.804460,0.861538,0.842735,0.849573,0.537037,0.578704,0.847114,0.752551,0.813272,0.822531,0.784114,0.813644,0.847636,0.817901,0.799383,0.796296,0.763889,0.819444,0.811728,0.851794,0.854914,0.837754,0.845554,0.840874,0.840874,0.853354,0.904321,0.807099,0.756289,0.878931,0.850234,0.839314,0.762774,0.794753,0.766975,0.471154,0.737245,0.819444,0.846154,0.858034,0.840874,0.814815,0.868827,0.801932,0.814458,0.851794,0.806400,0.803150,0.828704,0.828346,0.750000,0.818750,0.817901,0.817901,0.765432,0.810185,0.828704,0.810185,0.811728,0.817901,0.813272,0.770062,0.819444,0.771605,0.845763,0.762346,0.808642,0.750000,0.856693,0.805556,0.536667,0.811728,0.813272,0.751543,0.816038,0.532787,0.557912,0.763889,0.811728,0.536066,0.656584,0.807099,0.577352,0.770062,0.468599,0.782609,0.811728,0.804012,0.746855,0.763889,0.416667,0.478400,0.771605,0.761639,0.776235,0.783951,0.819444,0.797840,0.479871,0.794753,0.850000,0.800926,0.704467,0.788427,0.808241,0.796296
YP_009552695__MF682922,0.817308,0.804918,0.833333,0.569682,0.545205,0.575321,0.604167,0.809444,0.567308,0.557692,0.810897,0.832765,0.883013,0.668412,0.599359,0.427885,0.822115,0.000000,0.586538,0.785047,0.894737,0.855769,0.833333,0.836538,0.846154,0.838141,0.838141,0.842949,0.564103,0.740472,0.695804,0.689103,0.824877,0.833333,0.822115,0.830128,0.368590,0.365385,0.645833,0.543269,0.605769,0.645833,0.838655,0.828526,0.530449,0.669872,0.810897,0.592949,0.645833,0.815705,0.800000,0.809295,0.820513,0.628205,0.822115,0.599359,0.823718,0.807692,0.792484,0.850962,0.839744,0.607372,0.796460,0.811189,0.560897,0.612179,0.838655,0.546474,0.583190,0.839316,0.839316,0.837607,0.799679,0.809295,0.842949,0.625000,0.551282,0.605769,0.786151,0.637271,0.838879,0.653846,0.613782,0.612179,0.825321,0.339744,0.791667,0.831731,0.836538,0.841346,0.825321,0.830128,0.839744,0.838141,0.891026,0.626603,0.838141,0.940705,0.836538,0.841346,0.759124,0.592949,0.830128,0.820513,0.772959,0.581731,0.826007,0.838141,0.823718,0.538462,0.876603,0.826087,0.800000,0.847756,0.817308,0.826923,0.536859,0.612179,0.836538,0.607372,0.631410,0.626603,0.801282,0.560897,0.649038,0.629808,0.633013,0.642628,0.544872,0.828526,0.875000,0.857372,0.828814,0.839744,0.637821,0.831731,0.844551,0.626603,0.805000,0.532051,0.543269,0.809295,0.605769,0.813115,0.818923,0.830128,0.607372,0.814754,0.804270,0.826923,0.818910,0.830128,0.821256,0.826087,0.793269,0.817308,0.833333,0.830128,0.818910,0.823718,0.794872,0.815642,0.815705,0.850962,0.597756,0.564103,0.814815,0.653846,0.837097,0.828526,0.814433,0.808318,0.790064,0.838141
YP_009551693__KY214448,0.821372,0.826230,0.808157,0.530562,0.493151,0.608365,0.659794,0.817875,0.615385,0.637953,0.833856,0.825939,0.868339,0.640489,0.655738,0.624082,0.820988,0.586538,0.000000,0.771028,0.884211,0.856474,0.833073,0.826833,0.831513,0.836193,0.845554,0.842434,0.646760,0.725953,0.701049,0.719298,0.801964,0.833073,0.831563,0.830075,0.625509,0.677986,0.677778,0.648241,0.626543,0.722424,0.835294,0.830769,0.620222,0.717799,0.813084,0.647757,0.618384,0.819876,0.814159,0.818466,0.826152,0.649175,0.820800,0.623734,0.819940,0.808926,0.792484,0.846519,0.828788,0.639735,0.812389,0.800699,0.622078,0.621283,0.833613,0.629256,0.576329,0.822222,0.839316,0.839316,0.814985,0.821321,0.822153,0.584184,0.576271,0.616923,0.792261,0.585691,0.826620,0.720000,0.646220,0.674214,0.841270,0.594470,0.798271,0.837754,0.829953,0.836193,0.837754,0.817473,0.826833,0.834633,0.882263,0.646177,0.839623,0.938679,0.834633,0.823713,0.770073,0.633676,0.834821,0.818910,0.765306,0.633001,0.824176,0.839314,0.833073,0.634817,0.876672,0.822866,0.792771,0.839314,0.814400,0.815748,0.586420,0.606299,0.838612,0.623437,0.640180,0.700246,0.823353,0.639900,0.656672,0.639881,0.703611,0.671309,0.649254,0.834337,0.871795,0.852187,0.830508,0.851156,0.638681,0.827744,0.839370,0.640180,0.806667,0.609726,0.630517,0.807314,0.603774,0.806557,0.799347,0.824742,0.671642,0.804918,0.813167,0.827795,0.816587,0.834061,0.818035,0.794314,0.798271,0.815868,0.825472,0.826687,0.833837,0.804800,0.817204,0.806331,0.810730,0.836018,0.629349,0.614987,0.814815,0.714286,0.841935,0.821429,0.819588,0.826401,0.800317,0.819672
AZP54391__MK026553.1,0.551402,0.752336,0.684579,0.755501,0.742466,0.752336,0.747664,0.731308,0.764019,0.752336,0.757009,0.754673,0.852804,0.757009,0.773364,0.757009,0.490654,0.785047,0.771028,0.000000,0.889474,0.817757,0.824766,0.817757,0.817757,0.803738,0.817757,0.820093,0.733645,0.869159,0.799065,0.822430,0.684579,0.810748,0.775701,0.759346,0.759346,0.771028,0.752336,0.750000,0.780374,0.780374,0.829439,0.712617,0.750000,0.752336,0.752336,0.766355,0.757009,0.757009,0.626168,0.754673,0.764019,0.757009,0.679907,0.771028,0.757009,0.588785,0.773364,0.738318,0.689252,0.757009,0.546729,0.525701,0.759346,0.773364,0.838785,0.764019,0.780374,0.827103,0.824766,0.827103,0.521028,0.542056,0.815421,0.780612,0.775701,0.775701,0.766355,0.766355,0.824766,0.768692,0.759346,0.745327,0.684579,0.775701,0.766355,0.808411,0.817757,0.813084,0.824766,0.815421,0.810748,0.813084,0.866822,0.766355,0.705607,0.876168,0.808411,0.803738,0.777372,0.766355,0.684579,0.523364,0.721939,0.752336,0.831776,0.817757,0.808411,0.754673,0.855140,0.761682,0.853012,0.822430,0.742991,0.754673,0.778037,0.780374,0.682243,0.761682,0.778037,0.766355,0.719626,0.757009,0.771028,0.764019,0.761682,0.768692,0.764019,0.698598,0.789720,0.684579,0.824766,0.707944,0.764019,0.703271,0.820093,0.761682,0.490654,0.761682,0.738318,0.675234,0.775701,0.483645,0.537383,0.717290,0.757009,0.471963,0.633178,0.738318,0.544393,0.686916,0.514019,0.700935,0.775701,0.766355,0.691589,0.712617,0.516355,0.518692,0.735981,0.757009,0.731308,0.707944,0.761682,0.757009,0.511682,0.754673,0.827103,0.752336,0.703271,0.759346,0.773364,0.757009
AYX42283__MG821269.1,0.894737,0.900000,0.902632,0.910526,0.909589,0.881579,0.886842,0.902632,0.894737,0.881579,0.884211,0.902632,0.892105,0.902632,0.900000,0.902632,0.897368,0.894737,0.884211,0.889474,0.000000,0.310526,0.247368,0.244737,0.273684,0.247368,0.242105,0.252632,0.894737,0.863158,0.852632,0.852632,0.900000,0.260526,0.873684,0.871053,0.907895,0.902632,0.905263,0.894737,0.892105,0.892105,0.339474,0.905263,0.889474,0.892105,0.892105,0.889474,0.902632,0.873684,0.900000,0.871053,0.892105,0.894737,0.897368,0.889474,0.876316,0.892105,0.886842,0.894737,0.897368,0.892105,0.897368,0.897368,0.892105,0.894737,0.342105,0.889474,0.902632,0.239474,0.252632,0.247368,0.897368,0.892105,0.305263,0.900000,0.889474,0.902632,0.892105,0.889474,0.684211,0.889474,0.884211,0.884211,0.892105,0.897368,0.892105,0.244737,0.244737,0.239474,0.281579,0.244737,0.244737,0.223684,0.886842,0.897368,0.894737,0.884211,0.242105,0.247368,0.886861,0.892105,0.892105,0.892105,0.900000,0.894737,0.244737,0.239474,0.247368,0.881579,0.884211,0.889474,0.886842,0.310526,0.881579,0.897368,0.881579,0.894737,0.897368,0.894737,0.894737,0.897368,0.894737,0.894737,0.900000,0.897368,0.892105,0.894737,0.892105,0.894737,0.850000,0.873684,0.228947,0.897368,0.894737,0.905263,0.397368,0.894737,0.886842,0.902632,0.897368,0.886842,0.905263,0.886842,0.894737,0.894737,0.894737,0.884211,0.900000,0.894737,0.894737,0.889474,0.889474,0.900000,0.886842,0.886842,0.902632,0.902632,0.892105,0.889474,0.894737,0.894737,0.900000,0.900000,0.907895,0.884211,0.902632,0.894737,0.231579,0.892105,0.889474,0.894737,0.897368,0.894737
AYX42281__MG821268.1,0.848485,0.816393,0.872075,0.833741,0.819178,0.848674,0.856474,0.858347,0.865835,0.853354,0.829154,0.863481,0.905956,0.870855,0.864275,0.868955,0.850234,0.855769,0.856474,0.817757,0.310526,0.000000,0.205928,0.209048,0.258970,0.118565,0.249610,0.230889,0.848674,0.780399,0.769231,0.856474,0.862520,0.271451,0.826833,0.823713,0.873635,0.867395,0.842434,0.859594,0.870515,0.867395,0.346218,0.858034,0.853354,0.850234,0.825273,0.859594,0.865835,0.834633,0.842478,0.840376,0.825273,0.867395,0.854400,0.850234,0.834633,0.842434,0.846405,0.867089,0.868955,0.854914,0.830088,0.830420,0.868955,0.862285,0.352941,0.856474,0.857633,0.244444,0.230769,0.247863,0.851794,0.861154,0.232449,0.841837,0.859594,0.853354,0.818737,0.871880,0.623468,0.859594,0.856474,0.859594,0.865835,0.850234,0.864275,0.227769,0.238690,0.287051,0.288612,0.204368,0.227769,0.226209,0.909516,0.848674,0.861635,0.847484,0.215289,0.201248,0.777372,0.856474,0.868955,0.850962,0.808673,0.856474,0.241758,0.229329,0.243370,0.858034,0.909516,0.838969,0.821687,0.338534,0.841600,0.818898,0.861154,0.859843,0.861154,0.857812,0.850234,0.861154,0.867395,0.859594,0.868955,0.870515,0.862715,0.864275,0.862715,0.870515,0.839314,0.862715,0.233898,0.872075,0.856474,0.859594,0.418898,0.856474,0.840000,0.861154,0.858034,0.862715,0.853774,0.849180,0.853181,0.859594,0.861154,0.847541,0.852313,0.826833,0.851675,0.865835,0.851852,0.859532,0.861154,0.842434,0.863208,0.872075,0.861154,0.843200,0.873635,0.843575,0.859594,0.873635,0.864275,0.853354,0.853462,0.848674,0.272581,0.833073,0.836770,0.851718,0.851030,0.826833
