109
AOT82271__KU745628.1   0.000000 0.828619 0.773710 0.757072 0.825291 0.455907 0.906822 0.820300 0.787022 0.895175 0.857143 0.845258 0.816972 0.838602 0.793677 0.811980 0.825291 0.802920 0.820300 0.810316 0.775374 0.762063 0.767857 0.823627 0.825291 0.851913 0.848586 0.811980 0.810316 0.816972 0.818636 0.886855 0.815308 0.813644 0.845783 0.773451 0.790224 0.831947 0.805344 0.854641 0.840266 0.828619 0.815308 0.830283 0.823627 0.816972 0.780366 0.820300 0.826955 0.826955 0.828619 0.818636 0.778702 0.825291 0.820300 0.833611 0.820300 0.818636 0.826955 0.815308 0.813644 0.808652 0.747088 0.815308 0.788686 0.777038 0.826955 0.813644 0.861017 0.790349 0.816972 0.787022 0.845258 0.830283 0.760000 0.810316 0.801997 0.785358 0.820300 0.730449 0.773710 0.792013 0.813644 0.730449 0.752669 0.820300 0.755408 0.775374 0.748752 0.150502 0.815308 0.823627 0.778702 0.787022 0.757072 0.770383 0.788686 0.679702 0.800333 0.797005 0.813644 0.815308 0.762063 0.811980 0.816972 0.726804 0.759494 0.788686 0.821963
BAS32608__AB982223.1   0.828619 0.000000 0.795853 0.814815 0.824666 0.821752 0.888379 0.823088 0.839623 0.935535 0.891156 0.814353 0.238240 0.809672 0.835067 0.492236 0.476636 0.390511 0.823180 0.821694 0.833333 0.807692 0.525510 0.833581 0.826152 0.819033 0.809672 0.826152 0.839525 0.418033 0.824666 0.904903 0.463768 0.474178 0.450602 0.810619 0.568228 0.828619 0.803435 0.819615 0.820593 0.839525 0.588800 0.622047 0.828704 0.836220 0.835596 0.803863 0.815625 0.820090 0.818591 0.829123 0.821856 0.830585 0.830357 0.827637 0.827637 0.820208 0.821694 0.437594 0.826152 0.833581 0.819200 0.829123 0.839623 0.837349 0.877828 0.850679 0.813559 0.830609 0.823088 0.820122 0.804724 0.821589 0.798333 0.835067 0.833581 0.839525 0.834906 0.804918 0.802610 0.830609 0.836553 0.801639 0.813167 0.619335 0.800638 0.838039 0.790660 0.826087 0.829123 0.625749 0.828616 0.829755 0.812689 0.795200 0.826421 0.830540 0.831595 0.842496 0.841150 0.833581 0.795491 0.832095 0.648810 0.817869 0.819168 0.820919 0.637854
AOM63303__KT935529.1   0.773710 0.795853 0.000000 0.586922 0.808612 0.757576 0.883573 0.808612 0.762360 0.881978 0.880952 0.853270 0.794258 0.853270 0.792663 0.814992 0.816587 0.777372 0.807018 0.818182 0.786284 0.584936 0.739796 0.808612 0.810207 0.850080 0.850080 0.805423 0.799043 0.801639 0.808612 0.869219 0.801932 0.807018 0.814458 0.709735 0.780041 0.825291 0.797710 0.830123 0.851675 0.805423 0.816000 0.811802 0.818182 0.832536 0.760766 0.795853 0.810207 0.813397 0.824561 0.807018 0.771930 0.811802 0.814992 0.819777 0.807018 0.813397 0.802233 0.818182 0.795853 0.799043 0.744000 0.810207 0.759171 0.755981 0.821372 0.779904 0.849153 0.749601 0.805423 0.763955 0.859649 0.816587 0.573333 0.811802 0.818182 0.760766 0.829346 0.547541 0.595432 0.757576 0.808612 0.563934 0.708185 0.805423 0.111643 0.781499 0.592593 0.762542 0.816587 0.807018 0.751196 0.755981 0.585327 0.601600 0.762360 0.791434 0.805423 0.789474 0.811802 0.797448 0.576490 0.786284 0.805423 0.740550 0.793852 0.811802 0.807018
AOL02446__KX583629.1   0.757072 0.814815 0.586922 0.000000 0.802469 0.736111 0.904321 0.807099 0.756289 0.878931 0.843537 0.850234 0.811728 0.839314 0.799383 0.815217 0.809969 0.762774 0.807099 0.794753 0.766975 0.471154 0.737245 0.819444 0.807099 0.847114 0.858034 0.810185 0.808642 0.795082 0.814815 0.868827 0.801932 0.807512 0.814458 0.684956 0.784114 0.813644 0.790076 0.847636 0.851794 0.811728 0.806400 0.803150 0.828704 0.828346 0.750000 0.802469 0.817187 0.804012 0.817901 0.817901 0.765432 0.828704 0.810185 0.811728 0.817901 0.802469 0.810185 0.810185 0.808642 0.805556 0.755200 0.813272 0.761006 0.770062 0.819444 0.771605 0.845763 0.762346 0.808642 0.750000 0.856693 0.805556 0.536667 0.811728 0.813272 0.751543 0.816038 0.532787 0.557912 0.763889 0.811728 0.536066 0.656584 0.807099 0.577352 0.770062 0.468599 0.782609 0.811728 0.804012 0.746855 0.763889 0.416667 0.478400 0.771605 0.761639 0.776235 0.783951 0.819444 0.797840 0.479871 0.794753 0.800926 0.704467 0.788427 0.808241 0.796296
YP_009272913__KU950356 0.825291 0.824666 0.808612 0.802469 0.000000 0.832326 0.877676 0.644678 0.850629 0.937107 0.874150 0.834633 0.822458 0.829953 0.725031 0.819876 0.808411 0.744526 0.562108 0.564267 0.818452 0.798077 0.762755 0.560455 0.576679 0.833073 0.831513 0.618734 0.644847 0.808197 0.522251 0.872214 0.808374 0.801252 0.792771 0.798230 0.778004 0.525790 0.501908 0.826620 0.836193 0.566583 0.787200 0.809449 0.458333 0.592126 0.829563 0.650773 0.601562 0.650675 0.641679 0.694205 0.824850 0.667166 0.653274 0.696139 0.664345 0.611735 0.573549 0.818045 0.648611 0.651729 0.806400 0.567164 0.836478 0.850904 0.873303 0.855204 0.830508 0.829480 0.634183 0.846037 0.839370 0.652174 0.795000 0.533666 0.546028 0.811533 0.594340 0.796721 0.789560 0.836524 0.656716 0.803279 0.798932 0.814199 0.813397 0.820961 0.808374 0.819398 0.793948 0.805389 0.838050 0.831288 0.814199 0.816000 0.817204 0.813780 0.798808 0.837482 0.612708 0.518088 0.808374 0.713933 0.808036 0.805842 0.822785 0.790808 0.807750
AOE23875__KX384823.1   0.455907 0.821752 0.757576 0.736111 0.832326 0.000000 0.870031 0.827795 0.770440 0.886792 0.863946 0.862715 0.831563 0.865835 0.814199 0.819876 0.844237 0.799270 0.818731 0.820242 0.790030 0.745192 0.772959 0.841390 0.821752 0.864275 0.867395 0.820242 0.812689 0.822951 0.821752 0.880665 0.818035 0.837246 0.824096 0.759292 0.782077 0.818636 0.809160 0.856392 0.861154 0.818731 0.824000 0.840945 0.839506 0.840945 0.756798 0.815710 0.831250 0.836858 0.844411 0.814199 0.787009 0.833837 0.827795 0.815710 0.824773 0.829305 0.832326 0.836858 0.835347 0.833837 0.736000 0.821752 0.795597 0.765861 0.826284 0.777946 0.867797 0.765861 0.823263 0.778963 0.872441 0.820242 0.745000 0.824773 0.817221 0.787009 0.842767 0.726230 0.721044 0.744713 0.821752 0.729508 0.761566 0.826284 0.736842 0.773414 0.731079 0.463211 0.824773 0.850453 0.784591 0.757669 0.758308 0.732800 0.791091 0.689013 0.808157 0.811178 0.835098 0.829305 0.727858 0.808157 0.835347 0.723368 0.772152 0.816165 0.845921
ANY57893__KX272741.1   0.906822 0.888379 0.883573 0.904321 0.877676 0.870031 0.000000 0.902141 0.894654 0.943396 0.887755 0.895476 0.903670 0.893916 0.863914 0.894410 0.897196 0.872263 0.866972 0.883792 0.866972 0.876603 0.852041 0.889908 0.871560 0.904836 0.901716 0.865443 0.892966 0.890164 0.871560 0.709480 0.882448 0.902973 0.903614 0.877876 0.875764 0.895175 0.874046 0.898424 0.898596 0.888379 0.900800 0.907087 0.888889 0.899213 0.888379 0.871560 0.892188 0.906728 0.902141 0.873089 0.853211 0.902141 0.906728 0.889908 0.902141 0.903670 0.873089 0.905199 0.888379 0.908257 0.875200 0.863914 0.882075 0.877676 0.909786 0.896024 0.896610 0.874618 0.906728 0.871560 0.903937 0.900612 0.880000 0.892966 0.899083 0.873089 0.896226 0.883607 0.885808 0.877676 0.903670 0.877049 0.868327 0.905199 0.881978 0.853211 0.884058 0.901338 0.892966 0.903670 0.886792 0.877301 0.873089 0.880000 0.860215 0.867784 0.865443 0.863914 0.897554 0.874618 0.879227 0.853211 0.905199 0.874570 0.871609 0.911252 0.912844
AEF33726__JF512473.1   0.820300 0.823088 0.808612 0.807099 0.644678 0.827795 0.902141 0.000000 0.825472 0.919811 0.860544 0.834633 0.823976 0.840874 0.698651 0.810559 0.811526 0.751825 0.632684 0.622189 0.841079 0.815705 0.744898 0.611694 0.635682 0.836193 0.836193 0.622189 0.673163 0.806557 0.628186 0.892054 0.813205 0.807512 0.804819 0.823009 0.782077 0.665557 0.593511 0.826620 0.839314 0.647676 0.795200 0.803150 0.615741 0.612598 0.831071 0.643178 0.628125 0.179910 0.155922 0.178411 0.833583 0.202399 0.191904 0.196402 0.146927 0.619190 0.634183 0.827068 0.649175 0.650675 0.814400 0.635682 0.825472 0.832831 0.867270 0.855204 0.837288 0.847076 0.128936 0.827744 0.829921 0.194903 0.800000 0.611694 0.644678 0.793103 0.625786 0.808197 0.818923 0.833583 0.650675 0.808197 0.804270 0.817221 0.805423 0.838081 0.814815 0.821070 0.811094 0.812594 0.814465 0.832822 0.820242 0.804800 0.832565 0.800745 0.794603 0.844078 0.636914 0.643178 0.798712 0.685157 0.806597 0.797251 0.790235 0.792393 0.806597
ADN44566__GQ869543.1   0.787022 0.839623 0.762360 0.756289 0.850629 0.770440 0.894654 0.825472 0.000000 0.388365 0.846939 0.853774 0.836478 0.855346 0.844340 0.841195 0.839623 0.795620 0.838050 0.844340 0.792453 0.766026 0.795918 0.834906 0.834906 0.849057 0.855346 0.822327 0.841195 0.840984 0.841195 0.897799 0.835749 0.845912 0.819277 0.773451 0.802444 0.848586 0.807252 0.844133 0.853774 0.831761 0.840000 0.850394 0.844340 0.844094 0.495283 0.828616 0.827044 0.836478 0.831761 0.831761 0.797170 0.827044 0.839623 0.831761 0.825472 0.841195 0.838050 0.836478 0.842767 0.827044 0.788800 0.833333 0.204403 0.517296 0.544025 0.584906 0.850847 0.592767 0.830189 0.375786 0.867717 0.825472 0.750000 0.845912 0.836478 0.759434 0.853774 0.757377 0.760196 0.694969 0.831761 0.757377 0.763345 0.845912 0.759171 0.803459 0.768116 0.779264 0.828616 0.850629 0.132075 0.382075 0.772013 0.771200 0.765723 0.769088 0.800314 0.805031 0.825472 0.845912 0.764895 0.830189 0.849057 0.733677 0.781193 0.822504 0.855346
ADN44563__GQ869542.1   0.895175 0.935535 0.881978 0.878931 0.937107 0.886792 0.943396 0.919811 0.388365 0.000000 0.846939 0.943396 0.937107 0.946541 0.932390 0.944969 0.935535 0.894161 0.937107 0.938679 0.899371 0.881410 0.913265 0.938679 0.938679 0.940252 0.943396 0.916667 0.938679 0.934426 0.933962 0.946541 0.938808 0.935535 0.874699 0.897345 0.932790 0.936772 0.917939 0.928196 0.938679 0.929245 0.931200 0.937008 0.943396 0.935433 0.715409 0.935535 0.915094 0.921384 0.921384 0.927673 0.913522 0.916667 0.922956 0.919811 0.921384 0.941824 0.941824 0.937107 0.933962 0.921384 0.888000 0.926101 0.496855 0.735849 0.512579 0.779874 0.937288 0.784591 0.924528 0.622642 0.944882 0.916667 0.871667 0.944969 0.930818 0.874214 0.943396 0.880328 0.882545 0.838050 0.924528 0.883607 0.889680 0.938679 0.881978 0.910377 0.882448 0.886288 0.935535 0.935535 0.463836 0.632075 0.888365 0.884800 0.911950 0.890130 0.927673 0.908805 0.911950 0.935535 0.884058 0.933962 0.940252 0.874570 0.907776 0.920761 0.937107
AAK95573__AY044267.1   0.857143 0.891156 0.880952 0.843537 0.874150 0.863946 0.887755 0.860544 0.846939 0.846939 0.000000 0.891156 0.870748 0.870748 0.853741 0.884354 0.877551 0.897810 0.870748 0.877551 0.629252 0.853741 0.897959 0.863946 0.867347 0.874150 0.887755 0.877551 0.894558 0.870748 0.867347 0.891156 0.880952 0.891156 0.887755 0.850340 0.894558 0.891156 0.897959 0.894558 0.870748 0.880952 0.867347 0.884354 0.874150 0.880952 0.836735 0.874150 0.874150 0.880952 0.867347 0.884354 0.891156 0.874150 0.846939 0.860544 0.870748 0.887755 0.894558 0.877551 0.884354 0.891156 0.891156 0.880952 0.860544 0.867347 0.833333 0.891156 0.887755 0.833333 0.880952 0.843537 0.874150 0.857143 0.840136 0.887755 0.874150 0.789116 0.891156 0.850340 0.874150 0.867347 0.874150 0.850340 0.846939 0.860544 0.867347 0.619048 0.853741 0.863946 0.877551 0.887755 0.843537 0.850340 0.840136 0.874150 0.836735 0.836735 0.017007 0.632653 0.894558 0.887755 0.853741 0.857143 0.880952 0.850340 0.891156 0.897959 0.880952
ACY54678__GU108231.1   0.845258 0.814353 0.853270 0.850234 0.834633 0.862715 0.895476 0.834633 0.853774 0.943396 0.891156 0.000000 0.819033 0.160686 0.833073 0.815913 0.789392 0.715328 0.837754 0.839314 0.858034 0.842949 0.788265 0.840874 0.826833 0.162246 0.109204 0.836193 0.865835 0.804918 0.836193 0.904836 0.834138 0.813772 0.787952 0.831858 0.806517 0.848586 0.824427 0.551664 0.262090 0.836193 0.808000 0.822047 0.834633 0.833071 0.858034 0.836193 0.839063 0.848674 0.837754 0.851794 0.858034 0.842434 0.848674 0.845554 0.842434 0.842434 0.842434 0.815913 0.837754 0.837754 0.843200 0.843994 0.867925 0.862715 0.895476 0.873635 0.142373 0.853354 0.834633 0.848674 0.359055 0.850234 0.821667 0.831513 0.845554 0.850234 0.831761 0.837705 0.835237 0.848674 0.845554 0.834426 0.836299 0.809672 0.856459 0.851794 0.845411 0.856187 0.858034 0.822153 0.856918 0.853354 0.854914 0.843200 0.862715 0.852886 0.845554 0.875195 0.843994 0.840874 0.840580 0.837754 0.826833 0.823024 0.849910 0.836767 0.817473
AMS35109__KT868815.1   0.816972 0.238240 0.794258 0.811728 0.822458 0.831563 0.903670 0.823976 0.836478 0.937107 0.870748 0.819033 0.000000 0.819033 0.834598 0.470497 0.476636 0.383212 0.834598 0.817906 0.836115 0.801282 0.528061 0.848255 0.828528 0.842434 0.817473 0.827011 0.831563 0.424590 0.833080 0.902883 0.426731 0.463224 0.445783 0.812389 0.600815 0.838602 0.822519 0.816112 0.840874 0.842185 0.596800 0.609449 0.830247 0.815748 0.836115 0.810319 0.814063 0.827011 0.823976 0.828528 0.834598 0.828528 0.822458 0.820941 0.825493 0.827011 0.816388 0.427921 0.831563 0.839150 0.816000 0.837633 0.842767 0.828528 0.877086 0.852807 0.801695 0.839150 0.822458 0.835366 0.804724 0.822458 0.806667 0.830046 0.822458 0.839150 0.828616 0.814754 0.805873 0.843703 0.840668 0.819672 0.811388 0.617602 0.792663 0.837633 0.808374 0.824415 0.823976 0.626707 0.831761 0.842025 0.825493 0.808000 0.834101 0.834264 0.836115 0.845220 0.846737 0.827011 0.800322 0.837633 0.622155 0.824742 0.822785 0.814580 0.634294
ALA40028__KT329428.1   0.838602 0.809672 0.853270 0.839314 0.829953 0.865835 0.893916 0.840874 0.855346 0.946541 0.870748 0.160686 0.819033 0.000000 0.823713 0.820593 0.795632 0.708029 0.831513 0.837754 0.853354 0.831731 0.785714 0.842434 0.828393 0.157566 0.149766 0.842434 0.868955 0.806557 0.839314 0.903276 0.827697 0.813772 0.790361 0.819469 0.802444 0.853577 0.828244 0.563923 0.252730 0.834633 0.801600 0.837795 0.837754 0.845669 0.854914 0.840874 0.835938 0.848674 0.842434 0.843994 0.859594 0.847114 0.853354 0.843994 0.843994 0.831513 0.839314 0.809672 0.826833 0.837754 0.852800 0.842434 0.864780 0.864275 0.893916 0.878315 0.159322 0.850234 0.836193 0.851794 0.351181 0.843994 0.836667 0.829953 0.840874 0.858034 0.833333 0.840984 0.835237 0.861154 0.840874 0.836066 0.827402 0.815913 0.850080 0.856474 0.835749 0.844482 0.848674 0.819033 0.858491 0.854914 0.850234 0.832000 0.856474 0.836127 0.839314 0.867395 0.840874 0.839314 0.840580 0.843994 0.828393 0.829897 0.851718 0.832013 0.829953
YP_009259490__KU172421 0.793677 0.835067 0.792663 0.799383 0.725031 0.814199 0.863914 0.698651 0.844340 0.932390 0.853741 0.833073 0.834598 0.823713 0.000000 0.833851 0.831776 0.770073 0.716437 0.681234 0.824405 0.809295 0.793367 0.726885 0.676806 0.837754 0.823713 0.708443 0.683844 0.818033 0.698953 0.878158 0.837359 0.827856 0.826506 0.801770 0.798371 0.633943 0.612595 0.837128 0.834633 0.711055 0.833600 0.834646 0.666667 0.680315 0.837104 0.679124 0.626563 0.689655 0.689655 0.750614 0.820359 0.712144 0.690476 0.726027 0.711699 0.695381 0.690958 0.834586 0.705556 0.668374 0.790400 0.725124 0.828616 0.844880 0.885370 0.850679 0.816949 0.848266 0.698651 0.835366 0.833071 0.685157 0.791667 0.711970 0.697352 0.798875 0.690252 0.796721 0.800979 0.836524 0.680348 0.793443 0.802491 0.836858 0.799043 0.820961 0.800322 0.802676 0.806916 0.838323 0.831761 0.834356 0.808157 0.798400 0.807988 0.810056 0.798808 0.837482 0.649017 0.720930 0.805153 0.378063 0.830357 0.819588 0.815552 0.779715 0.834575
YP_009186840__KT716186 0.811980 0.492236 0.814992 0.815217 0.819876 0.819876 0.894410 0.810559 0.841195 0.944969 0.884354 0.815913 0.470497 0.820593 0.833851 0.000000 0.478193 0.339416 0.824534 0.813665 0.836957 0.798077 0.507653 0.829193 0.816770 0.822153 0.811232 0.812112 0.836957 0.413115 0.829193 0.905280 0.434783 0.236307 0.431325 0.803540 0.596741 0.825291 0.818702 0.788091 0.809672 0.835404 0.593600 0.629921 0.827640 0.818898 0.835404 0.812112 0.812500 0.815217 0.813665 0.818323 0.827640 0.807453 0.812112 0.805901 0.810559 0.810559 0.804348 0.423913 0.815217 0.818323 0.814400 0.830745 0.845912 0.821429 0.874224 0.857143 0.798305 0.833851 0.807453 0.835404 0.814173 0.804348 0.801667 0.821429 0.813665 0.841615 0.820755 0.809836 0.809135 0.847826 0.829193 0.808197 0.813167 0.618012 0.805423 0.830745 0.797101 0.817726 0.835404 0.627329 0.836478 0.844720 0.815217 0.817600 0.844720 0.834264 0.840062 0.838509 0.822981 0.812112 0.790660 0.836957 0.638199 0.814433 0.820976 0.828843 0.618012
YP_009241376__LC085675 0.825291 0.476636 0.816587 0.809969 0.808411 0.844237 0.897196 0.811526 0.839623 0.935535 0.877551 0.789392 0.476636 0.795632 0.831776 0.478193 0.000000 0.262774 0.823988 0.814642 0.831776 0.810897 0.525510 0.833333 0.800623 0.797192 0.790952 0.816199 0.834891 0.449180 0.820872 0.900312 0.449275 0.472613 0.462651 0.803540 0.608961 0.823627 0.812977 0.805604 0.803432 0.825545 0.588800 0.603150 0.827103 0.825197 0.833333 0.800623 0.804688 0.819315 0.820872 0.819315 0.827103 0.820872 0.822430 0.823988 0.816199 0.811526 0.813084 0.442368 0.814642 0.831776 0.816000 0.827103 0.845912 0.834891 0.869159 0.853583 0.784746 0.825545 0.820872 0.830218 0.814173 0.816199 0.810000 0.813084 0.814642 0.842679 0.827044 0.809836 0.812398 0.845794 0.822430 0.811475 0.802491 0.615265 0.816587 0.827103 0.801932 0.826087 0.828660 0.604361 0.831761 0.836449 0.816199 0.809600 0.845794 0.836127 0.845794 0.842679 0.823988 0.816199 0.803543 0.833333 0.623053 0.821306 0.824593 0.835182 0.613707
BAU69595__LC085666.1   0.802920 0.390511 0.777372 0.762774 0.744526 0.799270 0.872263 0.751825 0.795620 0.894161 0.897810 0.715328 0.383212 0.708029 0.770073 0.339416 0.262774 0.000000 0.759124 0.759124 0.799270 0.755474 0.580292 0.762774 0.751825 0.733577 0.715328 0.762774 0.781022 0.354015 0.762774 0.868613 0.343066 0.343066 0.343066 0.759124 0.503650 0.748175 0.784672 0.762774 0.726277 0.773723 0.503650 0.503650 0.755474 0.759124 0.784672 0.740876 0.748175 0.755474 0.744526 0.762774 0.810219 0.762774 0.751825 0.762774 0.759124 0.751825 0.748175 0.354015 0.770073 0.770073 0.777372 0.762774 0.813869 0.788321 0.773723 0.788321 0.722628 0.773723 0.744526 0.788321 0.744526 0.755474 0.773723 0.770073 0.784672 0.799270 0.770073 0.791971 0.777372 0.817518 0.770073 0.781022 0.784672 0.478102 0.773723 0.791971 0.751825 0.799270 0.806569 0.496350 0.795620 0.802920 0.770073 0.781022 0.791971 0.846715 0.777372 0.777372 0.773723 0.740876 0.751825 0.759124 0.500000 0.777372 0.810219 0.791971 0.485401
BAU88511__LC148407.1   0.820300 0.823180 0.807018 0.807099 0.562108 0.818731 0.866972 0.632684 0.838050 0.937107 0.870748 0.837754 0.834598 0.831513 0.716437 0.824534 0.823988 0.759124 0.000000 0.586118 0.806548 0.799679 0.775510 0.563300 0.581749 0.836193 0.828393 0.649077 0.647632 0.808197 0.507853 0.864785 0.824477 0.823161 0.802410 0.800000 0.778004 0.547421 0.522901 0.824869 0.839314 0.327889 0.808000 0.820472 0.438272 0.593701 0.837104 0.659794 0.610938 0.634183 0.628186 0.671267 0.812874 0.646177 0.636905 0.673777 0.651811 0.607277 0.564103 0.819549 0.636111 0.629962 0.806400 0.329987 0.827044 0.832831 0.882353 0.847662 0.830508 0.841040 0.632684 0.827744 0.845669 0.632684 0.801667 0.511920 0.517024 0.808720 0.602201 0.803279 0.786297 0.837997 0.642409 0.808197 0.797153 0.826284 0.810207 0.819505 0.806763 0.816054 0.785303 0.826347 0.828616 0.822086 0.806647 0.796800 0.814132 0.789572 0.800298 0.824305 0.603631 0.509044 0.806763 0.690088 0.830357 0.814433 0.820976 0.787639 0.821162
AGF85783__KC580640.1   0.810316 0.821694 0.818182 0.794753 0.564267 0.820242 0.883792 0.622189 0.844340 0.938679 0.877551 0.839314 0.817906 0.837754 0.681234 0.813665 0.814642 0.759124 0.586118 0.000000 0.822917 0.812500 0.757653 0.596017 0.377892 0.833073 0.837754 0.625330 0.635097 0.806557 0.554974 0.864785 0.805153 0.818466 0.783133 0.794690 0.775967 0.366057 0.541985 0.828371 0.831513 0.586118 0.801600 0.793701 0.524691 0.549606 0.831071 0.631443 0.592187 0.623688 0.625187 0.670951 0.815868 0.646177 0.638393 0.668380 0.655989 0.577121 0.566802 0.825564 0.655556 0.634961 0.804800 0.583548 0.839623 0.828313 0.879336 0.847662 0.828814 0.830925 0.634183 0.833841 0.850394 0.623688 0.815000 0.568123 0.575835 0.800281 0.542453 0.814754 0.800979 0.837997 0.652956 0.814754 0.786477 0.794562 0.819777 0.826783 0.818035 0.812709 0.791066 0.806886 0.833333 0.823620 0.811178 0.800000 0.821813 0.810056 0.804769 0.837482 0.600605 0.543928 0.813205 0.713368 0.812500 0.798969 0.824593 0.782884 0.807750
AAF61213__AF221123.1   0.775374 0.833333 0.786284 0.766975 0.818452 0.790030 0.866972 0.841079 0.792453 0.899371 0.629252 0.858034 0.836115 0.853354 0.824405 0.836957 0.831776 0.799270 0.806548 0.822917 0.000000 0.741987 0.757653 0.834821 0.821429 0.854914 0.862715 0.818452 0.824405 0.819672 0.822917 0.870536 0.829308 0.834116 0.836145 0.761062 0.773931 0.823627 0.803435 0.840630 0.854914 0.825893 0.822400 0.826772 0.851852 0.845669 0.787330 0.812500 0.831250 0.838081 0.827586 0.816964 0.767964 0.830585 0.842262 0.830357 0.836310 0.828869 0.830357 0.840602 0.831845 0.827381 0.771200 0.830357 0.803459 0.786145 0.849170 0.808446 0.855932 0.794643 0.836582 0.786585 0.853543 0.832084 0.740000 0.827381 0.818452 0.766369 0.844340 0.749180 0.752039 0.794643 0.815476 0.744262 0.752669 0.815710 0.770335 0.339286 0.750403 0.784281 0.815476 0.838323 0.786164 0.788344 0.759819 0.742400 0.734255 0.813780 0.612519 0.375000 0.842663 0.828869 0.740741 0.821429 0.836310 0.762887 0.797468 0.822504 0.834575
AAB95451__AF028705.1   0.762063 0.807692 0.584936 0.471154 0.798077 0.745192 0.876603 0.815705 0.766026 0.881410 0.853741 0.842949 0.801282 0.831731 0.809295 0.798077 0.810897 0.755474 0.799679 0.812500 0.741987 0.000000 0.724490 0.823718 0.809295 0.836538 0.838141 0.812500 0.807692 0.798361 0.801282 0.873397 0.790660 0.807692 0.812048 0.688496 0.788187 0.815308 0.788168 0.837128 0.833333 0.804487 0.815705 0.793269 0.802885 0.828526 0.758013 0.818910 0.826923 0.804487 0.825321 0.812500 0.756410 0.825321 0.814103 0.822115 0.825321 0.807692 0.815705 0.793269 0.812500 0.818910 0.751603 0.799679 0.772436 0.775641 0.818910 0.785256 0.833898 0.751603 0.807692 0.766026 0.857372 0.820513 0.451667 0.791667 0.810897 0.748397 0.826923 0.437705 0.487765 0.770833 0.806090 0.454098 0.672598 0.801282 0.578526 0.759615 0.117552 0.750836 0.823718 0.790064 0.761218 0.761218 0.487179 0.139423 0.758013 0.757914 0.799679 0.759615 0.823718 0.801282 0.114332 0.802885 0.788462 0.709622 0.777577 0.828526 0.788462
AKI82155__KR261072.1   0.767857 0.525510 0.739796 0.737245 0.762755 0.772959 0.852041 0.744898 0.795918 0.913265 0.897959 0.788265 0.528061 0.785714 0.793367 0.507653 0.525510 0.580292 0.775510 0.757653 0.757653 0.724490 0.000000 0.762755 0.770408 0.798469 0.783163 0.760204 0.778061 0.522959 0.775510 0.846939 0.551020 0.492347 0.711735 0.765306 0.543367 0.767857 0.783163 0.803571 0.795918 0.770408 0.500000 0.515306 0.775510 0.762755 0.775510 0.765306 0.765306 0.765306 0.757653 0.770408 0.770408 0.755102 0.755102 0.760204 0.760204 0.778061 0.775510 0.525510 0.762755 0.780612 0.765306 0.775510 0.811224 0.788265 0.862245 0.785714 0.806122 0.793367 0.755102 0.790816 0.793367 0.750000 0.727041 0.757653 0.767857 0.780612 0.770408 0.742347 0.734694 0.788265 0.780612 0.742347 0.772959 0.507653 0.732143 0.775510 0.732143 0.778061 0.801020 0.528061 0.793367 0.803571 0.732143 0.734694 0.780612 0.798469 0.780612 0.785714 0.783163 0.765306 0.739796 0.795918 0.528061 0.788265 0.780612 0.793367 0.528061
ADI60252__HM053693.2   0.823627 0.833581 0.808612 0.819444 0.560455 0.841390 0.889908 0.611694 0.834906 0.938679 0.863946 0.840874 0.848255 0.842434 0.726885 0.829193 0.833333 0.762774 0.563300 0.596017 0.834821 0.823718 0.762755 0.000000 0.573257 0.836193 0.839314 0.586060 0.651494 0.827869 0.560455 0.885587 0.829308 0.815336 0.821687 0.805310 0.804481 0.585691 0.530534 0.840630 0.843994 0.583215 0.816000 0.823622 0.530864 0.562205 0.819005 0.635846 0.609375 0.617691 0.601199 0.630156 0.815868 0.626687 0.622024 0.630156 0.638691 0.588905 0.596017 0.839098 0.630156 0.644381 0.808000 0.571835 0.823899 0.826807 0.879336 0.846154 0.837288 0.838150 0.620690 0.827744 0.839370 0.616192 0.803333 0.549075 0.578947 0.819346 0.567610 0.818033 0.800979 0.829161 0.651494 0.811475 0.811388 0.827795 0.813397 0.822416 0.824477 0.814381 0.795389 0.836826 0.830189 0.825153 0.823263 0.820800 0.827957 0.802607 0.798808 0.824305 0.626324 0.581792 0.822866 0.715505 0.830357 0.802405 0.815552 0.784469 0.825633
YP_009229908__KT592508 0.825291 0.826152 0.810207 0.807099 0.576679 0.821752 0.871560 0.635682 0.834906 0.938679 0.867347 0.826833 0.828528 0.828393 0.676806 0.816770 0.800623 0.751825 0.581749 0.377892 0.821429 0.809295 0.770408 0.573257 0.000000 0.823713 0.823713 0.598945 0.643454 0.793443 0.534031 0.876672 0.818035 0.804382 0.775904 0.785841 0.769857 0.299501 0.534351 0.823117 0.836193 0.584284 0.790400 0.798425 0.498457 0.552756 0.829563 0.643041 0.589063 0.632684 0.638681 0.684411 0.808383 0.641679 0.641369 0.669202 0.657382 0.553866 0.562753 0.830075 0.629167 0.645327 0.804800 0.579214 0.834906 0.835843 0.879336 0.841629 0.822034 0.841040 0.626687 0.829268 0.822047 0.625187 0.785000 0.565272 0.550063 0.811533 0.540881 0.804918 0.797716 0.833579 0.651458 0.798361 0.791815 0.799094 0.808612 0.828239 0.809984 0.807692 0.805476 0.803892 0.827044 0.829755 0.815710 0.804800 0.812596 0.813780 0.798808 0.828697 0.614221 0.536176 0.811594 0.681876 0.802083 0.800687 0.828210 0.771791 0.795827
AME15910__KT878962.1   0.851913 0.819033 0.850080 0.847114 0.833073 0.864275 0.904836 0.836193 0.849057 0.940252 0.874150 0.162246 0.842434 0.157566 0.837754 0.822153 0.797192 0.733577 0.836193 0.833073 0.854914 0.836538 0.798469 0.836193 0.823713 0.000000 0.152886 0.837754 0.864275 0.813115 0.842434 0.901716 0.827697 0.824726 0.797590 0.833628 0.802444 0.858569 0.822519 0.567426 0.269891 0.833073 0.824000 0.826772 0.837754 0.845669 0.864275 0.840874 0.831250 0.854914 0.847114 0.847114 0.865835 0.845554 0.845554 0.845554 0.842434 0.822153 0.837754 0.811232 0.834633 0.833073 0.846400 0.840874 0.863208 0.865835 0.903276 0.875195 0.106780 0.853354 0.837754 0.854914 0.346457 0.839314 0.840000 0.828393 0.831513 0.853354 0.845912 0.845902 0.838499 0.850234 0.845554 0.839344 0.834520 0.820593 0.846890 0.853354 0.850242 0.847826 0.850234 0.836193 0.852201 0.853354 0.848674 0.835200 0.858034 0.843575 0.851794 0.873635 0.837754 0.839314 0.845411 0.847114 0.825273 0.831615 0.851718 0.841521 0.831513
AME15905__KT878961.1   0.848586 0.809672 0.850080 0.858034 0.831513 0.867395 0.901716 0.836193 0.855346 0.943396 0.887755 0.109204 0.817473 0.149766 0.823713 0.811232 0.790952 0.715328 0.828393 0.837754 0.862715 0.838141 0.783163 0.839314 0.823713 0.152886 0.000000 0.837754 0.858034 0.811475 0.840874 0.900156 0.827697 0.816901 0.783133 0.830088 0.806517 0.853577 0.816794 0.549912 0.274571 0.839314 0.809600 0.807874 0.837754 0.833071 0.850234 0.833073 0.832812 0.851794 0.842434 0.843994 0.858034 0.843994 0.848674 0.839314 0.842434 0.833073 0.840874 0.808112 0.834633 0.836193 0.848000 0.843994 0.864780 0.865835 0.893916 0.876755 0.140678 0.859594 0.840874 0.848674 0.351181 0.837754 0.843333 0.831513 0.843994 0.858034 0.833333 0.837705 0.841762 0.853354 0.842434 0.840984 0.829181 0.801872 0.848485 0.853354 0.848631 0.847826 0.850234 0.823713 0.863208 0.856474 0.865835 0.844800 0.861154 0.843575 0.847114 0.865835 0.836193 0.842434 0.843800 0.836193 0.808112 0.828179 0.855335 0.836767 0.826833
YP_009227290__KT454512 0.811980 0.826152 0.805423 0.810185 0.618734 0.820242 0.865443 0.622189 0.822327 0.916667 0.877551 0.836193 0.827011 0.842434 0.708443 0.812112 0.816199 0.762774 0.649077 0.625330 0.818452 0.812500 0.760204 0.586060 0.598945 0.837754 0.837754 0.000000 0.637883 0.808197 0.633245 0.881129 0.816425 0.818466 0.792771 0.823009 0.784114 0.557404 0.545802 0.842382 0.845554 0.638522 0.808000 0.815748 0.591049 0.503937 0.822021 0.646438 0.614062 0.638681 0.632684 0.659631 0.818862 0.653673 0.632440 0.672823 0.653203 0.621372 0.608637 0.836090 0.651389 0.641161 0.811200 0.647757 0.820755 0.817771 0.868778 0.850679 0.822034 0.829480 0.622189 0.826220 0.847244 0.628186 0.793333 0.641161 0.639842 0.828411 0.482704 0.809836 0.799347 0.815906 0.641161 0.808197 0.811388 0.830816 0.810207 0.835517 0.816425 0.816054 0.819885 0.814371 0.816038 0.823620 0.803625 0.811200 0.812596 0.800745 0.809240 0.844802 0.617247 0.643799 0.814815 0.736148 0.812500 0.807560 0.833635 0.811410 0.816692
YP_009215301__KP729195 0.810316 0.839525 0.799043 0.808642 0.644847 0.812689 0.892966 0.673163 0.841195 0.938679 0.894558 0.865835 0.831563 0.868955 0.683844 0.836957 0.834891 0.781022 0.647632 0.635097 0.824405 0.807692 0.778061 0.651494 0.643454 0.864275 0.858034 0.637883 0.000000 0.826230 0.629526 0.866270 0.832528 0.824726 0.824096 0.807080 0.804481 0.577371 0.576336 0.858144 0.862715 0.644847 0.820800 0.825197 0.614198 0.622047 0.819005 0.662953 0.656250 0.683658 0.697151 0.675487 0.817365 0.691154 0.677083 0.688022 0.701950 0.612813 0.630919 0.839098 0.682451 0.657382 0.814400 0.646240 0.836478 0.826807 0.879336 0.843137 0.869492 0.842486 0.676162 0.826220 0.864567 0.670165 0.801667 0.612813 0.628134 0.808720 0.632075 0.803279 0.799347 0.826215 0.664345 0.806557 0.800712 0.824773 0.803828 0.822416 0.818035 0.831104 0.811239 0.826347 0.827044 0.828221 0.817221 0.820800 0.811060 0.817505 0.812221 0.824305 0.650530 0.654596 0.806763 0.678273 0.833333 0.798969 0.804702 0.808241 0.828614
ALR74754__KT965075.1   0.816972 0.418033 0.801639 0.795082 0.808197 0.822951 0.890164 0.806557 0.840984 0.934426 0.870748 0.804918 0.424590 0.806557 0.818033 0.413115 0.449180 0.354015 0.808197 0.806557 0.819672 0.798361 0.522959 0.827869 0.793443 0.813115 0.811475 0.808197 0.826230 0.000000 0.811475 0.881967 0.396721 0.391803 0.387952 0.805310 0.619145 0.828619 0.812977 0.798599 0.804918 0.826230 0.588525 0.611475 0.822951 0.811475 0.821311 0.804918 0.808197 0.811475 0.809836 0.806557 0.804918 0.818033 0.816393 0.816393 0.818033 0.813115 0.803279 0.383607 0.811475 0.822951 0.813115 0.811475 0.826230 0.827869 0.873770 0.840984 0.803390 0.818033 0.811475 0.822951 0.803279 0.809836 0.793333 0.811475 0.795082 0.819672 0.816393 0.796721 0.800000 0.839344 0.822951 0.813115 0.806050 0.593443 0.796721 0.818033 0.798361 0.822742 0.824590 0.614754 0.822951 0.827869 0.800000 0.798361 0.819672 0.832402 0.824590 0.822951 0.826230 0.821311 0.798361 0.822951 0.613115 0.816151 0.815552 0.832787 0.609836
AKG54800__KP281720.1   0.818636 0.824666 0.808612 0.814815 0.522251 0.821752 0.871560 0.628186 0.841195 0.933962 0.867347 0.836193 0.833080 0.839314 0.698953 0.829193 0.820872 0.762774 0.507853 0.554974 0.822917 0.801282 0.775510 0.560455 0.534031 0.842434 0.840874 0.633245 0.629526 0.811475 0.000000 0.872214 0.819646 0.818466 0.790361 0.812389 0.786151 0.519135 0.526718 0.831874 0.856474 0.523560 0.814400 0.823622 0.026235 0.581102 0.832579 0.632199 0.578125 0.629685 0.625187 0.667539 0.809880 0.646177 0.632440 0.671466 0.649025 0.526178 0.573549 0.828571 0.655556 0.621728 0.816000 0.524869 0.838050 0.831325 0.880845 0.853695 0.837288 0.848266 0.616192 0.839939 0.836220 0.625187 0.791667 0.363874 0.390052 0.810127 0.577044 0.804918 0.799347 0.833579 0.626963 0.806557 0.795374 0.820242 0.807018 0.815138 0.808374 0.816054 0.808357 0.818862 0.833333 0.834356 0.815710 0.800000 0.817204 0.815642 0.792846 0.836018 0.586989 0.463351 0.808374 0.681937 0.819940 0.807560 0.824593 0.795563 0.821162
AIW53333__KM254174.1   0.886855 0.904903 0.869219 0.868827 0.872214 0.880665 0.709480 0.892054 0.897799 0.946541 0.891156 0.904836 0.902883 0.903276 0.878158 0.905280 0.900312 0.868613 0.864785 0.864785 0.870536 0.873397 0.846939 0.885587 0.876672 0.901716 0.900156 0.881129 0.866270 0.881967 0.872214 0.000000 0.893720 0.896714 0.889157 0.872566 0.867617 0.865225 0.866412 0.889667 0.903276 0.863299 0.881600 0.888189 0.887346 0.880315 0.883861 0.857355 0.878125 0.899550 0.901049 0.881129 0.860778 0.905547 0.904762 0.881129 0.907875 0.875186 0.878158 0.902256 0.881129 0.863299 0.872000 0.854383 0.886792 0.887048 0.909502 0.894419 0.903390 0.878158 0.898051 0.882622 0.896063 0.895052 0.873333 0.876672 0.869242 0.876672 0.894654 0.877049 0.884176 0.882615 0.893016 0.875410 0.880783 0.898792 0.880383 0.867756 0.863124 0.887960 0.890045 0.887725 0.886792 0.883436 0.882175 0.865600 0.872504 0.890130 0.874814 0.867756 0.883510 0.866270 0.864734 0.884101 0.897321 0.874570 0.867993 0.890650 0.882265
BAR72999__LC011425.1   0.815308 0.463768 0.801932 0.801932 0.808374 0.818035 0.882448 0.813205 0.835749 0.938808 0.880952 0.834138 0.426731 0.827697 0.837359 0.434783 0.449275 0.343066 0.824477 0.805153 0.829308 0.790660 0.551020 0.829308 0.818035 0.827697 0.827697 0.816425 0.832528 0.396721 0.819646 0.893720 0.000000 0.444444 0.421687 0.805310 0.608961 0.831947 0.822519 0.819615 0.806763 0.819646 0.626409 0.619968 0.816425 0.827697 0.832528 0.806763 0.813205 0.829308 0.819646 0.818035 0.813205 0.819646 0.821256 0.819646 0.814815 0.816425 0.816425 0.288245 0.813205 0.824477 0.816425 0.821256 0.834138 0.840580 0.876006 0.851852 0.830508 0.824477 0.816425 0.819646 0.824477 0.821256 0.803333 0.824477 0.821256 0.824477 0.830918 0.806557 0.800979 0.845411 0.818035 0.809836 0.798932 0.607085 0.803543 0.818035 0.790660 0.821070 0.835749 0.613527 0.819646 0.829308 0.809984 0.806763 0.845411 0.824953 0.822866 0.821256 0.826087 0.824477 0.792271 0.837359 0.624799 0.821306 0.817360 0.834138 0.613527
YP_009130650__AB937988 0.813644 0.474178 0.807018 0.807512 0.801252 0.837246 0.902973 0.807512 0.845912 0.935535 0.891156 0.813772 0.463224 0.813772 0.827856 0.236307 0.472613 0.343066 0.823161 0.818466 0.834116 0.807692 0.492347 0.815336 0.804382 0.824726 0.816901 0.818466 0.824726 0.391803 0.818466 0.896714 0.444444 0.000000 0.433735 0.807080 0.606925 0.815308 0.812977 0.807356 0.821596 0.832551 0.595200 0.628346 0.813772 0.811024 0.827856 0.809077 0.805947 0.815336 0.810642 0.804382 0.826291 0.810642 0.816901 0.809077 0.807512 0.790297 0.810642 0.442879 0.805947 0.826291 0.817600 0.829421 0.842767 0.832551 0.873239 0.852895 0.805085 0.845070 0.807512 0.834116 0.806299 0.809077 0.806667 0.807512 0.805947 0.840376 0.822327 0.809836 0.812398 0.846635 0.826291 0.811475 0.800712 0.613459 0.807018 0.830986 0.808374 0.814381 0.851330 0.619718 0.839623 0.840376 0.816901 0.812800 0.830986 0.824953 0.843505 0.838811 0.823161 0.816901 0.808374 0.838811 0.629108 0.817869 0.811935 0.833597 0.633803
BAR42282__LC011438.1   0.845783 0.450602 0.814458 0.814458 0.792771 0.824096 0.903614 0.804819 0.819277 0.874699 0.887755 0.787952 0.445783 0.790361 0.826506 0.431325 0.462651 0.343066 0.802410 0.783133 0.836145 0.812048 0.711735 0.821687 0.775904 0.797590 0.783133 0.792771 0.824096 0.387952 0.790361 0.889157 0.421687 0.433735 0.000000 0.814458 0.696386 0.816867 0.833735 0.787952 0.783133 0.814458 0.604819 0.612048 0.790361 0.787952 0.840964 0.775904 0.775904 0.824096 0.816867 0.826506 0.831325 0.804819 0.819277 0.804819 0.814458 0.773494 0.775904 0.409639 0.814458 0.797590 0.821687 0.814458 0.828916 0.840964 0.845783 0.865060 0.785542 0.828916 0.814458 0.824096 0.790361 0.797590 0.819277 0.783133 0.797590 0.865060 0.795181 0.828916 0.812048 0.840964 0.800000 0.836145 0.812048 0.573494 0.814458 0.828916 0.807229 0.845783 0.828916 0.592771 0.819277 0.831325 0.824096 0.816867 0.862651 0.853012 0.838554 0.831325 0.795181 0.787952 0.809639 0.826506 0.609639 0.831325 0.838554 0.821687 0.585542
YP_009154712__KP733794 0.773451 0.810619 0.709735 0.684956 0.798230 0.759292 0.877876 0.823009 0.773451 0.897345 0.850340 0.831858 0.812389 0.819469 0.801770 0.803540 0.803540 0.759124 0.800000 0.794690 0.761062 0.688496 0.765306 0.805310 0.785841 0.833628 0.830088 0.823009 0.807080 0.805310 0.812389 0.872566 0.805310 0.807080 0.814458 0.000000 0.792261 0.815929 0.799618 0.833628 0.833628 0.817699 0.787611 0.801770 0.814159 0.800000 0.755752 0.792920 0.792920 0.812389 0.833628 0.814159 0.792920 0.824779 0.812389 0.819469 0.823009 0.805310 0.791150 0.808850 0.789381 0.784071 0.738053 0.803540 0.776991 0.761062 0.810619 0.784071 0.840708 0.752212 0.821239 0.761062 0.837168 0.815929 0.700885 0.803540 0.808850 0.768142 0.810619 0.692035 0.695575 0.769912 0.789381 0.693805 0.450178 0.789381 0.700885 0.757522 0.688496 0.784071 0.824779 0.792920 0.761062 0.759292 0.695575 0.700885 0.794690 0.808194 0.782301 0.782301 0.789381 0.805310 0.695575 0.810619 0.801770 0.746903 0.802893 0.801770 0.803540
AIF74245__KJ641683.1   0.790224 0.568228 0.780041 0.784114 0.778004 0.782077 0.875764 0.782077 0.802444 0.932790 0.894558 0.806517 0.600815 0.802444 0.798371 0.596741 0.608961 0.503650 0.778004 0.775967 0.773931 0.788187 0.543367 0.804481 0.769857 0.802444 0.806517 0.784114 0.804481 0.619145 0.786151 0.867617 0.608961 0.606925 0.696386 0.792261 0.000000 0.790224 0.806517 0.808554 0.806517 0.794297 0.598778 0.639511 0.790224 0.798371 0.796334 0.773931 0.782077 0.784114 0.786151 0.780041 0.784114 0.788187 0.790224 0.780041 0.796334 0.792261 0.767821 0.604888 0.806517 0.782077 0.769857 0.790224 0.806517 0.800407 0.863544 0.806517 0.820774 0.800407 0.788187 0.802444 0.796334 0.788187 0.773931 0.790224 0.767821 0.775967 0.800407 0.780041 0.792261 0.810591 0.794297 0.782077 0.800407 0.600815 0.788187 0.771894 0.780041 0.784114 0.806517 0.602851 0.808554 0.812627 0.780041 0.792261 0.786151 0.826884 0.790224 0.800407 0.802444 0.778004 0.780041 0.808554 0.608961 0.786151 0.808554 0.792261 0.639511
AIF74237__KJ641680.1   0.831947 0.828619 0.825291 0.813644 0.525790 0.818636 0.895175 0.665557 0.848586 0.936772 0.891156 0.848586 0.838602 0.853577 0.633943 0.825291 0.823627 0.748175 0.547421 0.366057 0.823627 0.815308 0.767857 0.585691 0.299501 0.858569 0.853577 0.557404 0.577371 0.828619 0.519135 0.865225 0.831947 0.815308 0.816867 0.815929 0.790224 0.000000 0.568702 0.865149 0.863561 0.542429 0.823627 0.820300 0.570715 0.602329 0.813644 0.605657 0.650582 0.667221 0.670549 0.645591 0.808652 0.690516 0.675541 0.638935 0.672213 0.519135 0.540765 0.816972 0.623960 0.610649 0.811980 0.535774 0.841930 0.826955 0.876872 0.828619 0.866102 0.840266 0.663894 0.816972 0.860233 0.667221 0.810000 0.522463 0.509151 0.790349 0.608985 0.821963 0.803661 0.828619 0.617304 0.818636 0.809609 0.816972 0.815308 0.810316 0.821963 0.834448 0.798669 0.798669 0.835275 0.823627 0.815308 0.815308 0.797005 0.828678 0.797005 0.840266 0.635607 0.524126 0.825291 0.667221 0.806988 0.807560 0.839060 0.792013 0.816972
AIF74223__KJ641671.1   0.805344 0.803435 0.797710 0.790076 0.501908 0.809160 0.874046 0.593511 0.807252 0.917939 0.897959 0.824427 0.822519 0.828244 0.612595 0.818702 0.812977 0.784672 0.522901 0.541985 0.803435 0.788168 0.783163 0.530534 0.534351 0.822519 0.816794 0.545802 0.576336 0.812977 0.526718 0.866412 0.822519 0.812977 0.833735 0.799618 0.806517 0.568702 0.000000 0.833969 0.830153 0.519084 0.788168 0.809160 0.522901 0.576336 0.822519 0.574427 0.570611 0.589695 0.591603 0.595420 0.780534 0.616412 0.595420 0.589695 0.597328 0.549618 0.543893 0.818702 0.587786 0.572519 0.790076 0.520992 0.818702 0.824427 0.885496 0.835878 0.832061 0.822519 0.601145 0.820611 0.839695 0.585878 0.780534 0.509542 0.528626 0.780534 0.587786 0.778626 0.778626 0.820611 0.570611 0.790076 0.791985 0.824427 0.797710 0.807252 0.790076 0.805344 0.776718 0.811069 0.812977 0.809160 0.797710 0.782443 0.778626 0.816794 0.774809 0.820611 0.572519 0.545802 0.791985 0.620229 0.809160 0.799618 0.818702 0.774809 0.816794
