100
ANC57660     0.000000 0.794072 0.820593 0.851794 0.826833 0.845295 0.141966 0.828393 0.845912 0.836193 0.859594 0.820593 0.836538 0.851794 0.842105 0.843994 0.828393 0.127925 0.112324 0.833073 0.873635 0.856474 0.842434 0.840874 0.808197 0.819033 0.843800 0.858473 0.815913 0.862715 0.834633 0.839314 0.836220 0.817473 0.827697 0.816901 0.831858 0.811927 0.834426 0.824427 0.824289 0.549912 0.856474 0.840874 0.849498 0.262090 0.840874 0.839314 0.834633 0.809600 0.842520 0.838305 0.831974 0.843994 0.833073 0.836193 0.856474 0.851794 0.850234 0.843594 0.864275 0.842434 0.840874 0.850234 0.845554 0.847114 0.831513 0.843994 0.843972 0.812793 0.834633 0.837754 0.850234 0.848000 0.835200 0.837705 0.832740 0.861154 0.881435 0.843994 0.349606 0.840000 0.845554 0.837754 0.843994 0.856474 0.847484 0.836193 0.856474 0.856474 0.867395 0.806324 0.873635 0.807512 0.834138 0.837754 0.130645 0.831615 0.848101 0.833597
YP_009241376 0.794072 0.000000 0.604361 0.828660 0.823988 0.813397 0.795632 0.618380 0.833333 0.814642 0.831776 0.613707 0.810897 0.842679 0.810207 0.825545 0.800623 0.797192 0.790952 0.816199 0.834891 0.836449 0.844237 0.816199 0.449180 0.478193 0.801932 0.836127 0.476636 0.848910 0.820872 0.820872 0.818898 0.615265 0.449275 0.472613 0.803540 0.788991 0.813115 0.812977 0.666667 0.805604 0.833333 0.820872 0.826087 0.803432 0.822430 0.814642 0.825545 0.588800 0.603150 0.817896 0.812398 0.822430 0.800623 0.806854 0.819315 0.820872 0.819315 0.825291 0.827103 0.820872 0.831776 0.822430 0.823988 0.816199 0.811526 0.813084 0.815603 0.442368 0.814642 0.831776 0.825545 0.816000 0.809600 0.809836 0.802491 0.834891 0.853583 0.830218 0.814173 0.810000 0.814642 0.813084 0.809969 0.816199 0.839623 0.825545 0.845794 0.827103 0.845794 0.770751 0.842679 0.769953 0.803543 0.833333 0.796774 0.821306 0.824593 0.835182
ALO18546     0.820593 0.604361 0.000000 0.839820 0.826347 0.810207 0.819033 0.284431 0.845912 0.806886 0.839820 0.217066 0.801282 0.841317 0.805423 0.821856 0.805389 0.836193 0.820593 0.814371 0.830838 0.852761 0.847305 0.821856 0.614754 0.627329 0.797101 0.821229 0.630240 0.848943 0.818862 0.817365 0.815748 0.353474 0.615137 0.616588 0.794690 0.770642 0.795082 0.811069 0.671835 0.816112 0.843137 0.812594 0.822742 0.822153 0.823353 0.803598 0.823353 0.558400 0.325984 0.817896 0.800979 0.823353 0.811377 0.808383 0.814093 0.820090 0.808383 0.821963 0.824850 0.818591 0.839820 0.811377 0.814371 0.826347 0.808383 0.815868 0.801418 0.633083 0.817365 0.814371 0.842814 0.820800 0.803200 0.791803 0.797153 0.847892 0.861237 0.856707 0.836220 0.796667 0.812874 0.812874 0.800898 0.817771 0.850629 0.821856 0.847305 0.844311 0.829493 0.727273 0.847305 0.713615 0.800322 0.830838 0.830645 0.823024 0.817360 0.817750
AMZ04136     0.851794 0.828660 0.839820 0.000000 0.782421 0.811802 0.851794 0.834294 0.811321 0.792507 0.811012 0.831595 0.815705 0.825648 0.819777 0.801153 0.809798 0.848674 0.851794 0.815562 0.809798 0.819018 0.818182 0.805476 0.822951 0.843168 0.813205 0.808194 0.829123 0.824773 0.806916 0.805476 0.801575 0.833837 0.830918 0.848200 0.824779 0.729358 0.818033 0.774809 0.803618 0.833625 0.823529 0.808096 0.811037 0.840874 0.792507 0.812594 0.806916 0.833600 0.831496 0.811617 0.805873 0.804035 0.802594 0.799712 0.808096 0.817091 0.805476 0.815308 0.832335 0.808096 0.798271 0.809524 0.802594 0.818444 0.799712 0.789625 0.716312 0.840602 0.817003 0.796830 0.826590 0.808000 0.817600 0.813115 0.804270 0.822289 0.846154 0.832317 0.847244 0.816667 0.801153 0.815562 0.799712 0.816265 0.827044 0.804035 0.818851 0.836972 0.817204 0.758893 0.843338 0.746479 0.818035 0.815562 0.856452 0.805842 0.797468 0.568938
BAU88511     0.826833 0.823988 0.826347 0.782421 0.000000 0.807018 0.831513 0.833564 0.827044 0.586118 0.806548 0.821162 0.799679 0.808720 0.810207 0.332497 0.581749 0.836193 0.828393 0.649077 0.647632 0.826687 0.803279 0.511598 0.808197 0.824534 0.806763 0.797020 0.823180 0.818731 0.507853 0.506936 0.598425 0.826284 0.824477 0.823161 0.800000 0.733945 0.809836 0.522901 0.811370 0.824869 0.832579 0.632684 0.816054 0.839314 0.571023 0.638681 0.327889 0.808000 0.820472 0.601256 0.786297 0.642409 0.659794 0.643501 0.634183 0.628186 0.671267 0.815308 0.812874 0.646177 0.568990 0.636905 0.673777 0.651811 0.607277 0.564103 0.475177 0.819549 0.636111 0.629962 0.841040 0.806400 0.796800 0.803279 0.797153 0.832831 0.847662 0.827744 0.845669 0.801667 0.517024 0.511920 0.671267 0.808735 0.838050 0.632051 0.837997 0.819505 0.814132 0.719368 0.824305 0.765258 0.806763 0.690088 0.838710 0.814433 0.820976 0.787639
AMY56528     0.845295 0.813397 0.810207 0.811802 0.807018 0.000000 0.850080 0.800638 0.748006 0.813397 0.783094 0.805423 0.581731 0.757576 0.100478 0.808612 0.808612 0.848485 0.848485 0.803828 0.799043 0.752791 0.800638 0.800638 0.800000 0.813397 0.589372 0.787709 0.792663 0.738437 0.808612 0.802233 0.829346 0.805423 0.800322 0.805423 0.704425 0.619266 0.562295 0.797710 0.795866 0.828371 0.749601 0.805423 0.759197 0.850080 0.810207 0.811802 0.803828 0.814400 0.808612 0.827751 0.592170 0.805423 0.792663 0.794258 0.813397 0.824561 0.807018 0.760399 0.770335 0.813397 0.811802 0.814992 0.819777 0.807018 0.811802 0.800638 0.762411 0.816587 0.792663 0.795853 0.748006 0.740800 0.598400 0.542623 0.704626 0.752791 0.778309 0.759171 0.859649 0.571667 0.816587 0.811802 0.810207 0.572568 0.760766 0.803828 0.754386 0.778309 0.760766 0.521739 0.787879 0.633803 0.573269 0.786284 0.851613 0.737113 0.790235 0.810207
ALA40028     0.141966 0.795632 0.819033 0.851794 0.831513 0.850080 0.000000 0.826833 0.856918 0.837754 0.853354 0.829953 0.831731 0.858034 0.848485 0.840874 0.828393 0.157566 0.149766 0.842434 0.868955 0.851794 0.848674 0.837754 0.806557 0.820593 0.838969 0.839851 0.812793 0.865835 0.839314 0.839314 0.845669 0.815913 0.827697 0.813772 0.819469 0.811927 0.836066 0.828244 0.832041 0.563923 0.853354 0.836193 0.844482 0.252730 0.834633 0.842434 0.834633 0.801600 0.837795 0.830455 0.835237 0.840874 0.840874 0.836193 0.848674 0.842434 0.843994 0.841930 0.859594 0.847114 0.837754 0.853354 0.843994 0.843994 0.831513 0.839314 0.854610 0.809672 0.826833 0.837754 0.850234 0.852800 0.832000 0.840984 0.827402 0.864275 0.878315 0.851794 0.351181 0.836667 0.840874 0.829953 0.842434 0.847114 0.855346 0.839314 0.861154 0.856474 0.856474 0.810277 0.867395 0.802817 0.840580 0.843994 0.201613 0.829897 0.851718 0.832013
NP_041242    0.828393 0.618380 0.284431 0.834294 0.833564 0.800638 0.826833 0.000000 0.852201 0.818308 0.837798 0.189270 0.791667 0.842475 0.795853 0.828017 0.808599 0.829953 0.812793 0.826630 0.834262 0.843558 0.836066 0.832178 0.593443 0.627329 0.793881 0.824953 0.641902 0.832326 0.821082 0.825243 0.811024 0.321752 0.618357 0.621283 0.794690 0.761468 0.795082 0.803435 0.661499 0.814361 0.841629 0.797601 0.822742 0.826833 0.830966 0.796102 0.819695 0.547200 0.143307 0.791209 0.805873 0.832178 0.815534 0.821082 0.817091 0.811094 0.805825 0.813644 0.815868 0.803598 0.834993 0.809524 0.815534 0.811978 0.818308 0.818308 0.797872 0.627068 0.830556 0.826630 0.843931 0.812800 0.790400 0.793443 0.814947 0.841867 0.862745 0.842988 0.820472 0.801667 0.822469 0.830791 0.809986 0.816265 0.850629 0.829404 0.848306 0.835517 0.834101 0.731225 0.838946 0.746479 0.789050 0.841886 0.827419 0.819588 0.820976 0.816165
ALW83499     0.845912 0.833333 0.845912 0.811321 0.827044 0.748006 0.856918 0.852201 0.000000 0.834906 0.786164 0.853774 0.762821 0.750000 0.748006 0.820755 0.828616 0.850629 0.850629 0.819182 0.828616 0.331761 0.798742 0.831761 0.821311 0.834906 0.758454 0.772812 0.828616 0.784591 0.834906 0.831761 0.840945 0.839623 0.821256 0.844340 0.762832 0.683486 0.747541 0.814885 0.832041 0.845884 0.457547 0.820755 0.774247 0.850629 0.827044 0.814465 0.822327 0.836800 0.853543 0.847484 0.748777 0.827044 0.822327 0.816038 0.828616 0.830189 0.816038 0.780366 0.794025 0.823899 0.820755 0.831761 0.814465 0.822327 0.830189 0.833333 0.762411 0.828616 0.839623 0.816038 0.567610 0.752000 0.763200 0.749180 0.758007 0.493711 0.547170 0.330189 0.862992 0.745000 0.827044 0.831761 0.814465 0.761006 0.133648 0.801887 0.676101 0.794025 0.759434 0.703557 0.798742 0.741784 0.755233 0.819182 0.858065 0.730241 0.801085 0.824089
AGF85783     0.836193 0.814642 0.806886 0.792507 0.586118 0.813397 0.837754 0.818308 0.834906 0.000000 0.822917 0.807750 0.812500 0.800281 0.818182 0.580977 0.377892 0.833073 0.837754 0.625330 0.635097 0.823620 0.803279 0.578608 0.806557 0.813665 0.813205 0.808194 0.821694 0.820242 0.554974 0.556555 0.548031 0.794562 0.805153 0.818466 0.794690 0.729358 0.814754 0.541985 0.801034 0.828371 0.826546 0.634183 0.812709 0.831513 0.575284 0.625187 0.586118 0.801600 0.793701 0.541601 0.800979 0.652956 0.631443 0.628057 0.623688 0.625187 0.670951 0.810316 0.815868 0.646177 0.588905 0.638393 0.668380 0.655989 0.577121 0.566802 0.521277 0.825564 0.655556 0.634961 0.830925 0.804800 0.800000 0.814754 0.786477 0.828313 0.847662 0.833841 0.850394 0.815000 0.575835 0.568123 0.663239 0.816265 0.847484 0.625964 0.837997 0.826783 0.821813 0.754941 0.837482 0.741784 0.813205 0.713368 0.837097 0.798969 0.824593 0.782884
AAF61213     0.859594 0.831776 0.839820 0.811012 0.806548 0.783094 0.853354 0.837798 0.786164 0.822917 0.000000 0.834575 0.741987 0.766369 0.771930 0.825893 0.821429 0.854914 0.862715 0.818452 0.824405 0.788344 0.606557 0.827381 0.819672 0.836957 0.750403 0.811918 0.833333 0.790030 0.822917 0.816964 0.844094 0.815710 0.829308 0.834116 0.761062 0.743119 0.745902 0.803435 0.785530 0.840630 0.775264 0.836582 0.784281 0.854914 0.831845 0.842579 0.825893 0.822400 0.826772 0.844584 0.752039 0.815476 0.812500 0.819940 0.838081 0.827586 0.816964 0.768719 0.767964 0.830585 0.825893 0.842262 0.830357 0.836310 0.828869 0.830357 0.737589 0.840602 0.831845 0.827381 0.794643 0.771200 0.742400 0.749180 0.752669 0.786145 0.808446 0.786585 0.853543 0.740000 0.818452 0.827381 0.833333 0.763554 0.792453 0.824405 0.794643 0.339286 0.734255 0.715415 0.375000 0.751174 0.740741 0.821429 0.869355 0.762887 0.797468 0.822504
AAC40693     0.820593 0.613707 0.217066 0.831595 0.821162 0.805423 0.829953 0.189270 0.853774 0.807750 0.834575 0.000000 0.788462 0.834575 0.800638 0.810730 0.795827 0.831513 0.826833 0.816692 0.828614 0.848160 0.840537 0.816692 0.609836 0.618012 0.797101 0.821229 0.637854 0.845921 0.821162 0.819672 0.807874 0.297583 0.613527 0.633803 0.803540 0.761468 0.795082 0.816794 0.664083 0.824869 0.847662 0.808096 0.827759 0.836193 0.818182 0.806597 0.816692 0.553600 0.203150 0.810047 0.794454 0.813711 0.803279 0.804769 0.821589 0.815592 0.800298 0.823627 0.818862 0.811094 0.834575 0.813711 0.810730 0.813711 0.794337 0.800298 0.804965 0.642105 0.816692 0.821162 0.843517 0.811200 0.792000 0.793443 0.816726 0.838855 0.859729 0.842988 0.823622 0.798333 0.815201 0.821162 0.804769 0.816265 0.856918 0.810730 0.840537 0.847988 0.826421 0.731225 0.840537 0.741784 0.790660 0.839046 0.840323 0.824742 0.826401 0.819334
AAB95451     0.836538 0.810897 0.801282 0.815705 0.799679 0.581731 0.831731 0.791667 0.762821 0.812500 0.741987 0.788462 0.000000 0.748397 0.578526 0.815705 0.809295 0.836538 0.838141 0.812500 0.807692 0.762821 0.785256 0.806090 0.798361 0.798077 0.119163 0.754190 0.807692 0.745192 0.801282 0.798077 0.823718 0.801282 0.790660 0.807692 0.688496 0.591743 0.455738 0.788168 0.788114 0.837128 0.754808 0.807692 0.750836 0.833333 0.828526 0.822115 0.804487 0.815705 0.793269 0.823718 0.487765 0.806090 0.818910 0.812500 0.804487 0.825321 0.812500 0.763727 0.756410 0.825321 0.817308 0.814103 0.822115 0.825321 0.807692 0.815705 0.783688 0.793269 0.812500 0.818910 0.751603 0.751603 0.139423 0.437705 0.672598 0.775641 0.785256 0.766026 0.857372 0.451667 0.810897 0.791667 0.806090 0.485577 0.766026 0.820513 0.770833 0.759615 0.758013 0.482213 0.759615 0.610329 0.114332 0.802885 0.848387 0.709622 0.777577 0.828526
AAB82733     0.851794 0.842679 0.841317 0.825648 0.808720 0.757576 0.858034 0.842475 0.750000 0.800281 0.766369 0.834575 0.748397 0.000000 0.759171 0.815752 0.811533 0.853354 0.858034 0.828411 0.808720 0.762270 0.721311 0.815752 0.819672 0.841615 0.739130 0.776536 0.849926 0.787009 0.810127 0.812940 0.817323 0.829305 0.824477 0.840376 0.768142 0.724771 0.734426 0.780534 0.764858 0.851138 0.752640 0.794603 0.789298 0.851794 0.818182 0.796102 0.808720 0.819200 0.829921 0.814757 0.716150 0.825598 0.811533 0.804501 0.803598 0.791604 0.805907 0.782030 0.736527 0.806597 0.810811 0.811012 0.801688 0.810127 0.822785 0.808720 0.755319 0.842105 0.828411 0.814346 0.758671 0.742400 0.726400 0.736066 0.775801 0.748494 0.781297 0.754573 0.859843 0.703333 0.810127 0.797468 0.797468 0.759036 0.759434 0.817159 0.786451 0.777293 0.714286 0.695652 0.780381 0.718310 0.739130 0.805907 0.866129 0.752577 0.783002 0.824089
AMO03312     0.842105 0.810207 0.805423 0.819777 0.810207 0.100478 0.848485 0.795853 0.748006 0.818182 0.771930 0.800638 0.578526 0.759171 0.000000 0.816587 0.808612 0.850080 0.846890 0.810207 0.805423 0.757576 0.795853 0.803828 0.793443 0.805423 0.581320 0.783985 0.799043 0.752791 0.803828 0.810207 0.829346 0.795853 0.801932 0.810207 0.693805 0.600917 0.545902 0.795802 0.782946 0.837128 0.744817 0.805423 0.757525 0.851675 0.814992 0.810207 0.811802 0.808000 0.808612 0.826156 0.598695 0.813397 0.799043 0.795853 0.808612 0.816587 0.797448 0.752080 0.763955 0.805423 0.818182 0.808612 0.807018 0.805423 0.813397 0.807018 0.758865 0.811802 0.797448 0.799043 0.746411 0.742400 0.590400 0.531148 0.692171 0.749601 0.775120 0.759171 0.854864 0.556667 0.818182 0.807018 0.800638 0.570973 0.757576 0.803828 0.754386 0.768740 0.778309 0.541502 0.776715 0.619718 0.573269 0.787879 0.851613 0.737113 0.793852 0.813397
AKI88073     0.843994 0.825545 0.821856 0.801153 0.332497 0.808612 0.840874 0.828017 0.820755 0.580977 0.825893 0.810730 0.815705 0.815752 0.816587 0.000000 0.579214 0.843994 0.842434 0.642480 0.646240 0.831288 0.809240 0.524485 0.819672 0.830745 0.813205 0.810056 0.830609 0.820242 0.523560 0.515763 0.581102 0.823263 0.822866 0.827856 0.800000 0.715596 0.801639 0.520992 0.801034 0.840630 0.837104 0.626687 0.814381 0.837754 0.568182 0.634183 0.242462 0.817600 0.822047 0.580848 0.804241 0.669154 0.643041 0.639640 0.632684 0.628186 0.674129 0.811980 0.820359 0.650675 0.570413 0.639881 0.682441 0.660167 0.596754 0.562753 0.510638 0.830075 0.643056 0.631242 0.822254 0.814400 0.804800 0.813115 0.786477 0.840361 0.853695 0.830793 0.844094 0.798333 0.519546 0.526185 0.678750 0.813253 0.827044 0.626923 0.812960 0.832606 0.815668 0.750988 0.834553 0.765258 0.814815 0.717662 0.846774 0.805842 0.820976 0.789223
YP_009229908 0.828393 0.800623 0.805389 0.809798 0.581749 0.808612 0.828393 0.808599 0.828616 0.377892 0.821429 0.795827 0.809295 0.811533 0.808612 0.579214 0.000000 0.823713 0.823713 0.598945 0.643454 0.831288 0.794337 0.539948 0.793443 0.816770 0.809984 0.813780 0.826152 0.821752 0.534031 0.542459 0.555906 0.799094 0.818035 0.804382 0.785841 0.720183 0.798361 0.534351 0.798450 0.823117 0.826546 0.626687 0.807692 0.836193 0.563920 0.641679 0.584284 0.790400 0.798425 0.538462 0.797716 0.651458 0.643041 0.639640 0.632684 0.638681 0.684411 0.825291 0.808383 0.641679 0.567568 0.641369 0.669202 0.657382 0.553866 0.562753 0.549645 0.830075 0.629167 0.645327 0.841040 0.804800 0.804800 0.804918 0.791815 0.835843 0.841629 0.829268 0.822047 0.785000 0.550063 0.565272 0.664132 0.813253 0.828616 0.641026 0.833579 0.828239 0.812596 0.731225 0.828697 0.741784 0.811594 0.681876 0.830645 0.800687 0.828210 0.771791
AME15910     0.127925 0.797192 0.836193 0.848674 0.836193 0.848485 0.157566 0.829953 0.850629 0.833073 0.854914 0.831513 0.836538 0.853354 0.850080 0.843994 0.823713 0.000000 0.152886 0.837754 0.864275 0.854914 0.853354 0.842434 0.813115 0.822153 0.850242 0.849162 0.819033 0.865835 0.842434 0.843994 0.847244 0.820593 0.827697 0.824726 0.833628 0.802752 0.836066 0.822519 0.834625 0.567426 0.862715 0.837754 0.847826 0.269891 0.840874 0.839314 0.833073 0.824000 0.826772 0.849294 0.838499 0.845554 0.840874 0.837754 0.854914 0.847114 0.847114 0.850250 0.865835 0.845554 0.836193 0.845554 0.845554 0.842434 0.822153 0.837754 0.840426 0.811232 0.834633 0.833073 0.853354 0.846400 0.835200 0.845902 0.834520 0.865835 0.875195 0.854914 0.346457 0.840000 0.831513 0.828393 0.837754 0.858034 0.849057 0.831513 0.850234 0.853354 0.858034 0.810277 0.873635 0.807512 0.845411 0.847114 0.153226 0.831615 0.851718 0.841521
AME15905     0.112324 0.790952 0.820593 0.851794 0.828393 0.848485 0.149766 0.812793 0.850629 0.837754 0.862715 0.826833 0.838141 0.858034 0.846890 0.842434 0.823713 0.152886 0.000000 0.837754 0.858034 0.853354 0.850234 0.842434 0.811475 0.811232 0.843800 0.851024 0.806552 0.867395 0.840874 0.839314 0.834646 0.801872 0.827697 0.816901 0.830088 0.811927 0.834426 0.816794 0.826873 0.549912 0.845554 0.840874 0.847826 0.274571 0.845554 0.837754 0.839314 0.809600 0.807874 0.836735 0.841762 0.842434 0.833073 0.829953 0.851794 0.842434 0.843994 0.848586 0.858034 0.843994 0.840874 0.848674 0.839314 0.842434 0.833073 0.840874 0.843972 0.808112 0.834633 0.836193 0.859594 0.848000 0.844800 0.837705 0.829181 0.865835 0.876755 0.848674 0.351181 0.843333 0.843994 0.831513 0.839314 0.854914 0.855346 0.843994 0.853354 0.853354 0.861154 0.802372 0.865835 0.802817 0.843800 0.836193 0.185484 0.828179 0.855335 0.836767
YP_009227290 0.833073 0.816199 0.814371 0.815562 0.649077 0.803828 0.842434 0.826630 0.819182 0.625330 0.818452 0.816692 0.812500 0.828411 0.810207 0.642480 0.598945 0.837754 0.837754 0.000000 0.637883 0.820552 0.810730 0.641161 0.808197 0.812112 0.816425 0.800745 0.826152 0.820242 0.633245 0.633245 0.508661 0.830816 0.816425 0.818466 0.823009 0.756881 0.811475 0.545802 0.816537 0.842382 0.825038 0.622189 0.816054 0.845554 0.582386 0.620690 0.638522 0.808000 0.815748 0.483516 0.799347 0.641161 0.646438 0.651715 0.638681 0.632684 0.659631 0.813644 0.818862 0.653673 0.591750 0.632440 0.672823 0.653203 0.621372 0.608637 0.539007 0.836090 0.651389 0.641161 0.829480 0.811200 0.811200 0.809836 0.811388 0.817771 0.850679 0.826220 0.847244 0.793333 0.639842 0.641161 0.663588 0.807229 0.825472 0.651715 0.815906 0.835517 0.812596 0.743083 0.844802 0.769953 0.814815 0.736148 0.833871 0.807560 0.833635 0.811410
YP_009215301 0.873635 0.834891 0.830838 0.809798 0.647632 0.799043 0.868955 0.834262 0.828616 0.635097 0.824405 0.828614 0.807692 0.808720 0.805423 0.646240 0.643454 0.864275 0.858034 0.637883 0.000000 0.825153 0.809240 0.662953 0.826230 0.836957 0.818035 0.819367 0.839525 0.812689 0.629526 0.628134 0.620472 0.824773 0.832528 0.824726 0.807080 0.711009 0.800000 0.576336 0.790698 0.858144 0.820513 0.676162 0.831104 0.862715 0.647727 0.677661 0.644847 0.820800 0.825197 0.629513 0.799347 0.664345 0.662953 0.661560 0.683658 0.697151 0.675487 0.823627 0.817365 0.691154 0.654339 0.677083 0.688022 0.701950 0.612813 0.630919 0.524823 0.839098 0.682451 0.657382 0.842486 0.814400 0.820800 0.803279 0.800712 0.826807 0.843137 0.826220 0.864567 0.801667 0.628134 0.612813 0.674095 0.817771 0.841195 0.657382 0.826215 0.822416 0.811060 0.731225 0.824305 0.755869 0.806763 0.678273 0.875806 0.798969 0.804702 0.808241
YP_009175068 0.856474 0.836449 0.852761 0.819018 0.826687 0.752791 0.851794 0.843558 0.331761 0.823620 0.788344 0.848160 0.762821 0.762270 0.757576 0.831288 0.831288 0.854914 0.853354 0.820552 0.825153 0.000000 0.779141 0.829755 0.831148 0.846273 0.766506 0.769088 0.828221 0.756135 0.832822 0.832822 0.848819 0.851227 0.829308 0.841941 0.755752 0.688073 0.763934 0.811069 0.813953 0.847636 0.446319 0.837423 0.785953 0.859594 0.823620 0.834356 0.828221 0.836800 0.859843 0.843014 0.758564 0.826687 0.823620 0.829755 0.837423 0.842025 0.822086 0.787022 0.789877 0.834356 0.815951 0.837423 0.829755 0.832822 0.831288 0.831288 0.773050 0.837423 0.837423 0.831288 0.570552 0.758400 0.768000 0.759016 0.754448 0.457055 0.544479 0.245399 0.869291 0.753333 0.828221 0.838957 0.826687 0.776074 0.380503 0.826687 0.697853 0.789877 0.766513 0.707510 0.805215 0.732394 0.764895 0.826687 0.864516 0.716495 0.799277 0.816165
AKQ44381     0.842434 0.844237 0.847305 0.818182 0.803279 0.800638 0.848674 0.836066 0.798742 0.803279 0.606557 0.840537 0.785256 0.721311 0.795853 0.809240 0.794337 0.853354 0.850234 0.810730 0.809240 0.779141 0.000000 0.809240 0.809836 0.832298 0.790660 0.763501 0.831595 0.809668 0.800298 0.797317 0.825197 0.836858 0.813205 0.827856 0.787611 0.733945 0.775410 0.782443 0.795866 0.835377 0.805430 0.799100 0.801003 0.858034 0.806259 0.802099 0.818182 0.843200 0.833071 0.810047 0.763458 0.806259 0.800298 0.806259 0.823088 0.797601 0.798808 0.805324 0.791916 0.814093 0.812221 0.809240 0.800298 0.812221 0.809240 0.812221 0.762411 0.828571 0.816692 0.810730 0.786885 0.787200 0.788800 0.778689 0.781139 0.804217 0.826546 0.791159 0.858268 0.748333 0.804769 0.803279 0.809240 0.789157 0.805031 0.815201 0.785395 0.600596 0.743472 0.743083 0.612519 0.746479 0.784219 0.810730 0.846774 0.785223 0.779385 0.816165
ALR87696     0.840874 0.816199 0.821856 0.805476 0.511598 0.800638 0.837754 0.832178 0.831761 0.578608 0.827381 0.816692 0.806090 0.815752 0.803828 0.524485 0.539948 0.842434 0.842434 0.641161 0.662953 0.829755 0.809240 0.000000 0.811475 0.813665 0.798712 0.810056 0.826152 0.821752 0.464660 0.458763 0.592126 0.805136 0.824477 0.821596 0.810619 0.761468 0.808197 0.549618 0.813953 0.844133 0.826546 0.640180 0.814381 0.845554 0.580966 0.649175 0.519330 0.803200 0.817323 0.579278 0.805873 0.644330 0.632732 0.634021 0.658171 0.637181 0.676546 0.816972 0.827844 0.661169 0.578947 0.656250 0.686856 0.669916 0.570876 0.585695 0.556738 0.816541 0.633333 0.634021 0.843931 0.806400 0.804800 0.806557 0.790036 0.835843 0.855204 0.839939 0.847244 0.795000 0.475515 0.487113 0.680412 0.817771 0.841195 0.635309 0.846834 0.834061 0.815668 0.747036 0.837482 0.751174 0.798712 0.731959 0.835484 0.816151 0.817360 0.808241
ALR74754     0.808197 0.449180 0.614754 0.822951 0.808197 0.800000 0.806557 0.593443 0.821311 0.806557 0.819672 0.609836 0.798361 0.819672 0.793443 0.819672 0.793443 0.813115 0.811475 0.808197 0.826230 0.831148 0.809836 0.811475 0.000000 0.413115 0.798361 0.830540 0.418033 0.822951 0.811475 0.814754 0.813115 0.593443 0.396721 0.391803 0.805310 0.784404 0.806557 0.812977 0.687339 0.798599 0.816393 0.811475 0.822742 0.804918 0.824590 0.811475 0.826230 0.588525 0.611475 0.814754 0.800000 0.822951 0.804918 0.803279 0.811475 0.809836 0.806557 0.818636 0.804918 0.818033 0.824590 0.816393 0.816393 0.818033 0.813115 0.803279 0.808511 0.383607 0.811475 0.822951 0.818033 0.813115 0.798361 0.796721 0.806050 0.827869 0.840984 0.822951 0.803279 0.793333 0.795082 0.811475 0.803279 0.801639 0.840984 0.818033 0.839344 0.818033 0.819672 0.754941 0.822951 0.784038 0.798361 0.822951 0.809836 0.816151 0.815552 0.832787
YP_009186840 0.819033 0.478193 0.627329 0.843168 0.824534 0.813397 0.820593 0.627329 0.834906 0.813665 0.836957 0.618012 0.798077 0.841615 0.805423 0.830745 0.816770 0.822153 0.811232 0.812112 0.836957 0.846273 0.832298 0.813665 0.413115 0.000000 0.797101 0.830540 0.492236 0.830745 0.829193 0.824534 0.817323 0.618012 0.434783 0.236307 0.803540 0.756881 0.811475 0.818702 0.674419 0.788091 0.824534 0.807453 0.817726 0.809672 0.824534 0.810559 0.835404 0.593600 0.629921 0.819466 0.809135 0.829193 0.812112 0.818323 0.815217 0.813665 0.818323 0.811980 0.827640 0.807453 0.826087 0.812112 0.805901 0.810559 0.810559 0.804348 0.812057 0.423913 0.815217 0.818323 0.833851 0.814400 0.817600 0.809836 0.813167 0.821429 0.857143 0.835404 0.814173 0.801667 0.813665 0.821429 0.804348 0.812112 0.841195 0.819876 0.847826 0.830745 0.844720 0.754941 0.838509 0.769953 0.790660 0.836957 0.808065 0.814433 0.820976 0.828843
Q89268       0.843800 0.801932 0.797101 0.813205 0.806763 0.589372 0.838969 0.793881 0.758454 0.813205 0.750403 0.797101 0.119163 0.739130 0.581320 0.813205 0.809984 0.850242 0.843800 0.816425 0.818035 0.766506 0.790660 0.798712 0.798361 0.797101 0.000000 0.754190 0.793881 0.731079 0.798712 0.793881 0.824477 0.793881 0.790660 0.808374 0.688496 0.596330 0.444262 0.795802 0.795866 0.842382 0.753623 0.818035 0.750836 0.851852 0.824477 0.816425 0.805153 0.809984 0.793881 0.827697 0.499184 0.806763 0.809984 0.813205 0.818035 0.822866 0.814815 0.748752 0.764895 0.813205 0.822866 0.809984 0.816425 0.818035 0.814815 0.818035 0.790780 0.801932 0.814815 0.816425 0.753623 0.747182 0.154589 0.439344 0.660142 0.772947 0.785829 0.760064 0.856683 0.453333 0.818035 0.800322 0.800322 0.479871 0.769726 0.818035 0.771337 0.761675 0.755233 0.466403 0.766506 0.596244 0.115942 0.800322 0.850000 0.704467 0.781193 0.818035
ALN66860     0.858473 0.836127 0.821229 0.808194 0.797020 0.787709 0.839851 0.824953 0.772812 0.808194 0.811918 0.821229 0.754190 0.776536 0.783985 0.810056 0.813780 0.849162 0.851024 0.800745 0.819367 0.769088 0.763501 0.810056 0.830540 0.830540 0.754190 0.000000 0.830540 0.685289 0.815642 0.811918 0.804469 0.826816 0.828678 0.819367 0.808194 0.743119 0.770950 0.818702 0.847545 0.862197 0.793296 0.802607 0.670391 0.841713 0.798883 0.802607 0.821229 0.798883 0.819367 0.804469 0.770950 0.815642 0.813780 0.810056 0.800745 0.797020 0.797020 0.679702 0.800745 0.810056 0.804469 0.811918 0.806331 0.798883 0.808194 0.823091 0.780142 0.823091 0.819367 0.819367 0.797020 0.776536 0.757914 0.748603 0.797020 0.791434 0.819367 0.785847 0.824953 0.757914 0.804469 0.800745 0.806331 0.787709 0.770950 0.819367 0.780261 0.791434 0.765363 0.743083 0.817505 0.774648 0.750466 0.806331 0.847300 0.767225 0.757914 0.802607
BAS32608     0.815913 0.476636 0.630240 0.829123 0.823180 0.792663 0.812793 0.641902 0.828616 0.821694 0.833333 0.637854 0.807692 0.849926 0.799043 0.830609 0.826152 0.819033 0.806552 0.826152 0.839525 0.828221 0.831595 0.826152 0.418033 0.492236 0.793881 0.830540 0.000000 0.821752 0.824666 0.829123 0.831496 0.619335 0.463768 0.474178 0.810619 0.747706 0.804918 0.803435 0.674419 0.819615 0.838612 0.823088 0.826087 0.820593 0.835067 0.824588 0.839525 0.588800 0.622047 0.830455 0.802610 0.836553 0.803863 0.820208 0.820090 0.818591 0.829123 0.828619 0.821856 0.830585 0.841010 0.830357 0.827637 0.827637 0.820208 0.821694 0.812057 0.437594 0.826152 0.833581 0.830609 0.819200 0.795200 0.804918 0.813167 0.837349 0.850679 0.820122 0.804724 0.798333 0.833581 0.835067 0.823180 0.810241 0.839623 0.832095 0.830609 0.838039 0.826421 0.758893 0.842496 0.788732 0.795491 0.832095 0.819355 0.817869 0.819168 0.820919
ALJ96713     0.862715 0.848910 0.848943 0.824773 0.818731 0.738437 0.865835 0.832326 0.784591 0.820242 0.790030 0.845921 0.745192 0.787009 0.752791 0.820242 0.821752 0.865835 0.867395 0.820242 0.812689 0.756135 0.809668 0.821752 0.822951 0.830745 0.731079 0.685289 0.821752 0.000000 0.821752 0.829305 0.845669 0.826284 0.818035 0.837246 0.759292 0.701835 0.727869 0.809160 0.795866 0.856392 0.756798 0.823263 0.463211 0.861154 0.847432 0.832326 0.818731 0.824000 0.840945 0.841444 0.721044 0.821752 0.815710 0.811178 0.836858 0.844411 0.814199 0.462562 0.787009 0.833837 0.842900 0.827795 0.815710 0.824773 0.829305 0.832326 0.783688 0.836858 0.835347 0.833837 0.765861 0.736000 0.732800 0.726230 0.761566 0.765861 0.777946 0.778963 0.872441 0.745000 0.817221 0.824773 0.806647 0.750755 0.770440 0.817221 0.744713 0.773414 0.791091 0.652174 0.811178 0.676056 0.727858 0.808157 0.875806 0.723368 0.772152 0.816165
AKG54800     0.834633 0.820872 0.818862 0.806916 0.507853 0.808612 0.839314 0.821082 0.834906 0.554974 0.822917 0.821162 0.801282 0.810127 0.803828 0.523560 0.534031 0.842434 0.840874 0.633245 0.629526 0.832822 0.800298 0.464660 0.811475 0.829193 0.798712 0.815642 0.824666 0.821752 0.000000 0.009162 0.585827 0.820242 0.819646 0.818466 0.812389 0.720183 0.806557 0.526718 0.801034 0.831874 0.835596 0.616192 0.816054 0.856474 0.556818 0.631184 0.523560 0.814400 0.823622 0.571429 0.799347 0.626963 0.632199 0.624346 0.629685 0.625187 0.667539 0.818636 0.809880 0.646177 0.561878 0.632440 0.671466 0.649025 0.526178 0.573549 0.496454 0.828571 0.655556 0.621728 0.848266 0.816000 0.800000 0.804918 0.795374 0.831325 0.853695 0.839939 0.836220 0.791667 0.390052 0.363874 0.660995 0.813253 0.847484 0.617801 0.833579 0.815138 0.817204 0.743083 0.836018 0.779343 0.808374 0.681937 0.843548 0.807560 0.824593 0.795563
AKG54784     0.839314 0.820872 0.817365 0.805476 0.506936 0.802233 0.839314 0.825243 0.831761 0.556555 0.816964 0.819672 0.798077 0.812940 0.810207 0.515763 0.542459 0.843994 0.839314 0.633245 0.628134 0.832822 0.797317 0.458763 0.814754 0.824534 0.793881 0.811918 0.829123 0.829305 0.009162 0.000000 0.584252 0.818731 0.808374 0.818466 0.810619 0.756881 0.795082 0.526718 0.790698 0.828371 0.835596 0.616192 0.836120 0.856474 0.559659 0.631184 0.514502 0.817600 0.825197 0.569859 0.802610 0.644388 0.619845 0.615187 0.632684 0.625187 0.675914 0.825291 0.811377 0.646177 0.560455 0.635417 0.680958 0.650418 0.535939 0.547908 0.503546 0.822556 0.658333 0.624840 0.842486 0.812800 0.808000 0.804918 0.795374 0.828313 0.853695 0.839939 0.836220 0.795000 0.409836 0.383354 0.672131 0.820783 0.839623 0.623077 0.836524 0.812227 0.817204 0.739130 0.821376 0.788732 0.798712 0.688525 0.846774 0.816151 0.826401 0.792393
AIC33030     0.836220 0.818898 0.815748 0.801575 0.598425 0.829346 0.845669 0.811024 0.840945 0.548031 0.844094 0.807874 0.823718 0.817323 0.829346 0.581102 0.555906 0.847244 0.834646 0.508661 0.620472 0.848819 0.825197 0.592126 0.813115 0.817323 0.824477 0.804469 0.831496 0.845669 0.585827 0.584252 0.000000 0.798425 0.826087 0.806299 0.800000 0.770642 0.811475 0.572519 0.829457 0.838879 0.840945 0.634646 0.816054 0.836220 0.541732 0.617323 0.590551 0.816000 0.801575 0.237795 0.822186 0.615748 0.606299 0.612598 0.631496 0.623622 0.623622 0.820300 0.831496 0.647244 0.565354 0.626772 0.633071 0.633071 0.560630 0.581102 0.578014 0.826772 0.628346 0.614173 0.855118 0.832000 0.833600 0.821311 0.809609 0.834646 0.866142 0.845669 0.837795 0.813333 0.593701 0.579528 0.628346 0.823622 0.842520 0.614173 0.851969 0.844094 0.834646 0.782609 0.844094 0.784038 0.837359 0.678740 0.845161 0.804124 0.819168 0.803487
P52502       0.817473 0.615265 0.353474 0.833837 0.826284 0.805423 0.815913 0.321752 0.839623 0.794562 0.815710 0.297583 0.801282 0.829305 0.795853 0.823263 0.799094 0.820593 0.801872 0.830816 0.824773 0.851227 0.836858 0.805136 0.593443 0.618012 0.793881 0.826816 0.619335 0.826284 0.820242 0.818731 0.798425 0.000000 0.607085 0.613459 0.789381 0.761468 0.804918 0.824427 0.674419 0.810858 0.832326 0.808157 0.819398 0.820593 0.826284 0.817221 0.812689 0.548800 0.325984 0.805338 0.802610 0.806647 0.797583 0.791541 0.832326 0.818731 0.802115 0.820300 0.820242 0.812689 0.826284 0.814199 0.824773 0.830816 0.820242 0.812689 0.801418 0.623867 0.820242 0.800604 0.841390 0.801600 0.792000 0.793443 0.802491 0.850453 0.854985 0.830793 0.833071 0.803333 0.809668 0.806647 0.817221 0.812689 0.845912 0.812689 0.842900 0.824773 0.826421 0.754941 0.845921 0.755869 0.792271 0.832326 0.825806 0.816151 0.819168 0.835182
BAR72999     0.827697 0.449275 0.615137 0.830918 0.824477 0.800322 0.827697 0.618357 0.821256 0.805153 0.829308 0.613527 0.790660 0.824477 0.801932 0.822866 0.818035 0.827697 0.827697 0.816425 0.832528 0.829308 0.813205 0.824477 0.396721 0.434783 0.790660 0.828678 0.463768 0.818035 0.819646 0.808374 0.826087 0.607085 0.000000 0.444444 0.805310 0.775229 0.814754 0.822519 0.682171 0.819615 0.830918 0.816425 0.821070 0.806763 0.826087 0.821256 0.819646 0.626409 0.619968 0.829308 0.800979 0.818035 0.806763 0.809984 0.829308 0.819646 0.818035 0.816972 0.813205 0.819646 0.829308 0.821256 0.819646 0.814815 0.816425 0.816425 0.822695 0.288245 0.813205 0.824477 0.824477 0.816425 0.806763 0.806557 0.798932 0.840580 0.851852 0.819646 0.824477 0.803333 0.821256 0.824477 0.816425 0.806763 0.835749 0.824477 0.845411 0.818035 0.845411 0.758893 0.821256 0.788732 0.792271 0.837359 0.835484 0.821306 0.817360 0.834138
YP_009130650 0.816901 0.472613 0.616588 0.848200 0.823161 0.805423 0.813772 0.621283 0.844340 0.818466 0.834116 0.633803 0.807692 0.840376 0.810207 0.827856 0.804382 0.824726 0.816901 0.818466 0.824726 0.841941 0.827856 0.821596 0.391803 0.236307 0.808374 0.819367 0.474178 0.837246 0.818466 0.818466 0.806299 0.613459 0.444444 0.000000 0.807080 0.766055 0.811475 0.812977 0.677003 0.807356 0.826291 0.807512 0.814381 0.821596 0.812207 0.807512 0.832551 0.595200 0.628346 0.822606 0.812398 0.826291 0.809077 0.810642 0.815336 0.810642 0.804382 0.811980 0.826291 0.810642 0.815336 0.816901 0.809077 0.807512 0.790297 0.810642 0.790780 0.442879 0.805947 0.826291 0.845070 0.817600 0.812800 0.809836 0.800712 0.832551 0.852895 0.834116 0.806299 0.806667 0.805947 0.807512 0.805947 0.815336 0.845912 0.824726 0.846635 0.830986 0.830986 0.758893 0.838811 0.793427 0.808374 0.838811 0.814516 0.817869 0.811935 0.833597
YP_009154712 0.831858 0.803540 0.794690 0.824779 0.800000 0.704425 0.819469 0.794690 0.762832 0.794690 0.761062 0.803540 0.688496 0.768142 0.693805 0.800000 0.785841 0.833628 0.830088 0.823009 0.807080 0.755752 0.787611 0.810619 0.805310 0.803540 0.688496 0.808194 0.810619 0.759292 0.812389 0.810619 0.800000 0.789381 0.805310 0.807080 0.000000 0.353211 0.699115 0.799618 0.826873 0.833628 0.757522 0.821239 0.784071 0.833628 0.801770 0.823009 0.817699 0.787611 0.801770 0.808850 0.695575 0.789381 0.792920 0.794690 0.812389 0.833628 0.814159 0.776991 0.792920 0.824779 0.805310 0.812389 0.819469 0.823009 0.805310 0.791150 0.780142 0.808850 0.789381 0.784071 0.752212 0.738053 0.700885 0.692035 0.450178 0.761062 0.784071 0.761062 0.837168 0.700885 0.808850 0.803540 0.819469 0.695575 0.773451 0.789381 0.769912 0.757522 0.794690 0.636364 0.782301 0.436620 0.695575 0.810619 0.840708 0.746903 0.802893 0.801770
AKM49966     0.811927 0.788991 0.770642 0.729358 0.733945 0.619266 0.811927 0.761468 0.683486 0.729358 0.743119 0.761468 0.591743 0.724771 0.600917 0.715596 0.720183 0.802752 0.811927 0.756881 0.711009 0.688073 0.733945 0.761468 0.784404 0.756881 0.596330 0.743119 0.747706 0.701835 0.720183 0.756881 0.770642 0.761468 0.775229 0.766055 0.353211 0.000000 0.596330 0.756881 0.738532 0.839450 0.711009 0.756881 0.706422 0.798165 0.743119 0.761468 0.733945 0.738532 0.766055 0.770642 0.610092 0.752294 0.752294 0.747706 0.770642 0.770642 0.729358 0.706422 0.729358 0.775229 0.720183 0.770642 0.766055 0.761468 0.743119 0.720183 0.729358 0.770642 0.770642 0.761468 0.701835 0.688073 0.587156 0.605505 0.279817 0.701835 0.711009 0.688073 0.802752 0.605505 0.747706 0.724771 0.775229 0.582569 0.697248 0.747706 0.711009 0.733945 0.697248 0.591743 0.752294 0.464789 0.596330 0.729358 0.830275 0.678899 0.729358 0.729358
AJE25862     0.834426 0.813115 0.795082 0.818033 0.809836 0.562295 0.836066 0.795082 0.747541 0.814754 0.745902 0.795082 0.455738 0.734426 0.545902 0.801639 0.798361 0.836066 0.834426 0.811475 0.800000 0.763934 0.775410 0.808197 0.806557 0.811475 0.444262 0.770950 0.804918 0.727869 0.806557 0.795082 0.811475 0.804918 0.814754 0.811475 0.699115 0.596330 0.000000 0.790076 0.803618 0.824869 0.754098 0.801639 0.730769 0.834426 0.809836 0.809836 0.795082 0.804918 0.800000 0.811475 0.514754 0.800000 0.796721 0.796721 0.814754 0.818033 0.804918 0.732113 0.757377 0.809836 0.806557 0.818033 0.808197 0.811475 0.796721 0.793443 0.758865 0.804918 0.806557 0.801639 0.755738 0.740984 0.460656 0.104918 0.672598 0.757377 0.780328 0.757377 0.852459 0.388333 0.790164 0.788525 0.803279 0.540984 0.757377 0.801639 0.772131 0.742623 0.762295 0.237154 0.749180 0.610329 0.452459 0.796721 0.844262 0.694158 0.781193 0.809836
AIF74223     0.824427 0.812977 0.811069 0.774809 0.522901 0.797710 0.828244 0.803435 0.814885 0.541985 0.803435 0.816794 0.788168 0.780534 0.795802 0.520992 0.534351 0.822519 0.816794 0.545802 0.576336 0.811069 0.782443 0.549618 0.812977 0.818702 0.795802 0.818702 0.803435 0.809160 0.526718 0.526718 0.572519 0.824427 0.822519 0.812977 0.799618 0.756881 0.790076 0.000000 0.839793 0.833969 0.820611 0.601145 0.805344 0.830153 0.524809 0.595420 0.519084 0.788168 0.809160 0.583969 0.778626 0.570611 0.574427 0.570611 0.589695 0.591603 0.595420 0.805344 0.780534 0.616412 0.540076 0.595420 0.589695 0.597328 0.549618 0.543893 0.546099 0.818702 0.587786 0.572519 0.822519 0.790076 0.782443 0.778626 0.791985 0.824427 0.835878 0.820611 0.839695 0.780534 0.528626 0.509542 0.587786 0.793893 0.807252 0.568702 0.820611 0.807252 0.778626 0.770751 0.820611 0.779343 0.791985 0.620229 0.832061 0.799618 0.818702 0.774809
AIF74220     0.824289 0.666667 0.671835 0.803618 0.811370 0.795866 0.832041 0.661499 0.832041 0.801034 0.785530 0.664083 0.788114 0.764858 0.782946 0.801034 0.798450 0.834625 0.826873 0.816537 0.790698 0.813953 0.795866 0.813953 0.687339 0.674419 0.795866 0.847545 0.674419 0.795866 0.801034 0.790698 0.829457 0.674419 0.682171 0.677003 0.826873 0.738532 0.803618 0.839793 0.000000 0.847545 0.816537 0.829457 0.813953 0.832041 0.816537 0.829457 0.819121 0.648579 0.669251 0.829457 0.790698 0.788114 0.788114 0.793282 0.834625 0.826873 0.808786 0.808786 0.767442 0.826873 0.816537 0.824289 0.798450 0.832041 0.793282 0.788114 0.797872 0.674419 0.826873 0.808786 0.798450 0.793282 0.798450 0.801034 0.839793 0.821705 0.816537 0.816537 0.829457 0.798450 0.790698 0.798450 0.795866 0.795866 0.834625 0.806202 0.816537 0.798450 0.790698 0.747036 0.803618 0.765258 0.790698 0.777778 0.842377 0.811370 0.816537 0.832041
AIF74198     0.549912 0.805604 0.816112 0.833625 0.824869 0.828371 0.563923 0.814361 0.845884 0.828371 0.840630 0.824869 0.837128 0.851138 0.837128 0.840630 0.823117 0.567426 0.549912 0.842382 0.858144 0.847636 0.835377 0.844133 0.798599 0.788091 0.842382 0.862197 0.819615 0.856392 0.831874 0.828371 0.838879 0.810858 0.819615 0.807356 0.833628 0.839450 0.824869 0.833969 0.847545 0.000000 0.844133 0.816112 0.851138 0.562172 0.837128 0.824869 0.833625 0.819615 0.816112 0.838879 0.833625 0.826620 0.816112 0.816112 0.838879 0.830123 0.837128 0.852890 0.854641 0.826620 0.833625 0.828371 0.835377 0.826620 0.844133 0.847636 0.851064 0.826620 0.826620 0.821366 0.847636 0.835377 0.842382 0.823117 0.834520 0.854641 0.875657 0.840630 0.567426 0.831874 0.824869 0.842382 0.833625 0.831874 0.844133 0.817863 0.854641 0.828371 0.849387 0.849802 0.844133 0.854460 0.840630 0.842382 0.562172 0.840630 0.857143 0.837128
AIC33858     0.856474 0.833333 0.843137 0.823529 0.832579 0.749601 0.853354 0.841629 0.457547 0.826546 0.775264 0.847662 0.754808 0.752640 0.744817 0.837104 0.826546 0.862715 0.845554 0.825038 0.820513 0.446319 0.805430 0.826546 0.816393 0.824534 0.753623 0.793296 0.838612 0.756798 0.835596 0.835596 0.840945 0.832326 0.830918 0.826291 0.757522 0.711009 0.754098 0.820611 0.816537 0.844133 0.000000 0.828054 0.767559 0.859594 0.826546 0.834087 0.835596 0.836800 0.839370 0.836735 0.748777 0.823529 0.823529 0.812971 0.843137 0.838612 0.812971 0.783694 0.787330 0.841629 0.829563 0.840121 0.837104 0.834087 0.835596 0.832579 0.765957 0.841629 0.838612 0.819005 0.585219 0.768000 0.763200 0.749180 0.750890 0.327300 0.224736 0.437500 0.864567 0.755000 0.819005 0.832579 0.826546 0.772247 0.495283 0.826546 0.701357 0.793363 0.761905 0.715415 0.802413 0.755869 0.756844 0.815988 0.854839 0.740550 0.806510 0.830428
